    0    0 5400.0000000     0.0000000 5400.0000000    0.0000000  
    1    0  656.8935126  -4786.0839818   -0.6414976    4.6739101  
    2    0 -3094.0838862  -1065.0718489    6.0301413    2.1172194  
    3    0 -1059.3074431   734.2813092    3.1421559   -2.0934897  
    4    0 -1728.6742833   614.4185073    6.8338246   -2.1490909  
    5    0 -143.4429889  3720.0614625    1.8112333  -18.0702101  
    6    0 4798.4327930   974.6773410  -27.4176524   -8.2545842  
    7    0 1601.5176041  -4760.0373485  -14.9829279   30.7490271  
    8    0 -3678.0465012  -1796.9842245   25.7479818   18.6264549  
    9    0 -1459.3776590  1868.9997688   15.9507112  -13.0833485  
   10    0 -200.9877494   648.6574737    3.5594658   -5.4735630  
   11    0 -427.0140462  2041.9624103   11.3289433  -18.7451340  
   12    0 3262.4635964  1470.7144975  -27.4421104  -29.9152101  
   13    0 2184.0505773  -3656.3444587  -43.9679000   27.1836671  
   14    0 -3234.0327187  -2355.6143183   19.2335639   47.7513941  
   15    0 -1923.7434993  2195.0472481   38.6119148   -8.1048246  
   16    0  855.0624267   994.8421842    0.4860243  -18.4548111  
   17    0 -187.7180767   447.8651953    6.6474281   -2.3470609  
   18    0 1440.0419015  1314.0589527    3.1074050  -28.7444893  
   19    0 2095.9298710  -1969.1009262  -41.2618637  -12.5396449  
   20    0 -2019.6594821  -2346.1089179  -20.4017514   41.6945142  
   21    0 -2026.1134184  1689.5471567   32.3888429   21.8497408  
   22    0 1139.7875049  1249.5635535   15.3023978  -19.0041557  
   23    0  242.2832053  -537.4546447   -7.4946167   -3.2139071  
   24    0   -9.8109347   726.9536717    9.3779972    1.2853703  
   25    0 1423.1195054  -378.3017232    0.1793919  -17.6499309  
   26    0 -621.3029411  -1706.2185055  -19.4425593   -1.4445615  
   27    0 -1560.3647588   750.4824438   -2.1568920   15.9266234  
   28    0  804.5634971  1084.6696682   10.2601066    1.1370977  
   29    0  451.9037148  -806.0833067   -0.7516268   -5.3549456  
   30    0 -752.4054227   149.8020794   -2.3743447    1.8771988  
   31    0  573.0349103   623.2828970    1.4353039    0.8583891  
   32    0  399.8811439  -748.1250007   -0.0000000    0.0000000  
   33    0 -691.7220752   -85.6379754    1.3015670    0.2929039  
   34    0  281.1690874   487.3427442   -0.4590607   -2.0277795  
   35    0  247.1875152  -629.7546699   -2.7552559    2.2623562  
   36    0 -874.5733318   -69.6805078    3.9980672    4.1458677  
   37    0   -7.2167865   942.6984605    5.7729212   -4.1057502  
   38    0  800.9049610    53.8799425   -2.1075748   -6.1198510  
   39    0  155.3215376  -472.0827543   -4.0146741   -0.6157449  
   40    0  -34.0328565  -235.2935550   -1.8556474    0.1301316  
   41    0 -228.0762883  -400.2332722   -3.1730266    0.6395504  
   42    0 -715.0252977   104.8384381   -1.7329619    3.8284735  
   43    0 -115.0676589   826.9790916    2.0188461    2.9245547  
   44    0  711.0091293   371.0232669    1.9605339    0.0046147  
   45    0  582.8730901  -408.4673054    0.2429667   -0.2603242  
   46    0  -14.5624654  -679.1096346   -0.0449678    0.9757033  
   47    0 -621.3888069  -351.0779851    1.4933065    1.7487489  
   48    0 -581.2828862   417.0925098    3.3665481    0.0529815  
   49    0  116.2431039   613.8342206    2.4410770   -2.6440494  
   50    0  449.3000352   205.3399355    0.2826922   -3.0910226  
   51    0  470.1653563  -148.8079772   -1.0144316   -2.8934487  
   52    0  187.0611137  -621.9486279   -3.0299827   -1.9610379  
   53    0 -639.7540206  -451.0301856   -3.1967426    1.1864973  
   54    0 -562.7638508   539.4858278   -0.3434223    2.0981266  
   55    0  363.5073838   492.6860290    0.4157274    0.2981821  
   56    0  268.8224413  -163.2436315   -0.3039468    0.1745101  
   57    0   18.3344108    34.7449654   -0.0133457   -0.1131594  
   58    0  323.2543223  -158.0490347   -1.4965695   -0.4031715  
   59    0 -254.2595019  -511.6868450   -1.6940149    2.4102992  
   60    0 -550.2855243   319.5505225    2.0819758    2.6765268  
   61    0  368.4208581   437.3558838    2.4469915   -1.2334291  
   62    0  216.1111378  -405.7916244   -0.7569504   -1.4755872  
   63    0 -421.5591064    42.3003157   -0.6347053    0.5163348  
   64    0  263.0986314   393.7549279    0.0000000    0.0000000  
   65    0  299.2099878  -391.0897341   -0.7027159    0.6180375  
   66    0 -405.3681890  -127.3733911    0.9184220    1.1564839  
   67    0  108.6305990   321.4792078    0.9468552   -1.1846569  
   68    0  181.5263359  -368.8928090   -1.8510378   -0.5680551  
   69    0 -593.9465621   -36.7310525   -0.7747002    2.3418705  
   70    0   70.8669911   720.8709058    1.7313581    1.1420052  
   71    0  703.3118981  -121.1677169    0.6250574   -0.4565059  
   72    0 -119.3212822  -528.6246924    0.1150044    0.4569770  
   73    0 -225.8780064    89.3746516    0.6383872    0.0258490  
   74    0   61.5383433  -138.7425778   -0.5604205    0.1661140  
   75    0 -478.4732390   -58.4358442    0.2675894    2.0460567  
   76    0  -85.6900912   709.7523948    2.5851407    0.8819301  
   77    0  775.9823670   130.2255387    1.4998183   -1.3410633  
   78    0  166.5430072  -663.8293599   -0.0911696   -0.5080217  
   79    0 -406.9010664  -168.1578363    0.4736586    0.2271185  
   80    0 -119.5090632    75.6333633    0.4018203   -0.0097563  
   81    0 -243.4124317    23.6003945    0.5528928    0.7478635  
   82    0  -97.6225905   472.3429654    1.8272757    0.2964904  
   83    0  563.1679648   210.3231609    1.2840007   -1.2038161  
   84    0  280.5808171  -509.1648072   -0.0731743   -0.7468684  
   85    0 -343.3872372  -286.5019101    0.2416502    0.1686888  
   86    0 -226.0949190   125.5026422    0.6218580   -0.0442830  
   87    0  -78.2406486   117.9869928    0.4939546   -0.0108226  
   88    0   -5.2516500   215.2164150    0.7721617   -0.0380475  
   89    0  260.4660265   108.6573560    0.5730526   -0.4918087  
   90    0  166.9882250  -220.6707757    0.0246569   -0.2749899  
   91    0 -127.6852554  -172.9232589    0.1230331    0.1645009  
   92    0 -138.3608912    24.7087022    0.3397003    0.1339169  
   93    0  -49.6414783    88.4354002    0.3462986    0.0199141  
   94    0   50.6097027    73.8224610    0.2499761   -0.1315370  
   95    0   48.5208103   -43.0632855   -0.0039643   -0.1218642  
   96    0  -66.8829339     6.5873940    0.0000000    0.0000000  
   97    0   62.5200303   105.1669746   -0.0544622   -0.2208023  
   98    0  129.5750566   -93.0547451   -0.4711399   -0.1288223  
   99    0  -84.5896012  -112.0346535   -0.3340889    0.2968708  
  100    0  -37.2872945    40.3595231    0.0349487    0.1140881  
  101    0  -22.1163663   -88.5224965   -0.0217787   -0.0272457  
  102    0 -236.7422294    78.9018320    0.3784046   -0.0500453  
  103    0  109.4771838   363.5231499    0.5399842   -0.9353621  
  104    0  423.4701951  -104.6436916   -0.4753972   -1.2441902  
  105    0  -69.5393678  -385.1893677   -0.7626635   -0.2670466  
  106    0 -243.4261502    20.8162920   -0.0563358    0.0305145  
  107    0  -20.6795201    23.4500005    0.0417642   -0.0291150  
  108    0 -224.1772191    38.6822639    0.4812895    0.4263787  
  109    0   28.2018708   437.1426577    1.2327084   -0.0947305  
  110    0  559.1492467     2.5119778    0.5521316   -0.7098936  
  111    0   35.5017636  -556.3782785    0.0287784    0.1622181  
  112    0 -427.4930293   -50.7294688    0.7476592    0.4686420  
  113    0  -34.7834470   204.0902178    0.5704175   -0.1596972  
  114    0  -58.4461924   -12.8056227   -0.0633366    0.1255357  
  115    0  -78.2324141   296.7221219    0.0809944    0.2139210  
  116    0  456.7882757   137.7796660   -0.5312165   -0.2114676  
  117    0  166.4068493  -507.9830060   -1.2210105    0.5997250  
  118    0 -449.2422090  -147.4339411   -0.3217782    1.2004798  
  119    0  -79.6751280   306.5145231    0.2673110    0.3533365  
  120    0  122.7763246   -20.7824707   -0.0621565    0.0219512  
  121    0 -125.0569053    55.6607794    0.2935104    0.0430838  
  122    0  192.0067821   200.8280914    0.3817644   -0.6311332  
  123    0  223.3685920  -267.1687692   -0.2282226   -0.5556635  
  124    0 -281.3089174  -184.3453180    0.0420666    0.0106859  
  125    0  -95.1890062   249.2389876    0.3608312   -0.3544373  
  126    0  192.1220411   -16.3052551   -0.2212435   -0.4477242  
  127    0 -115.1052713  -128.9229457   -0.2963264    0.1014992  
  128    0  -70.7106781   170.7106781    0.0000000   -0.0000000  
  129    0  167.4981619    19.4858785   -0.2646353   -0.1475100  
  130    0  -28.7148540  -110.0222496   -0.2290146    0.1711743  
  131    0  -21.3749811    78.3562009    0.1085912    0.0873510  
  132    0  129.3056998   -64.8869726   -0.0119913    0.0128764  
  133    0 -116.4935623  -174.4999276    0.0525990    0.3884757  
  134    0 -201.4991938   113.8380325    0.4090255    0.3855666  
  135    0   57.0307779   197.3539187    0.2872342    0.0703640  
  136    0  154.7584196    33.8434371   -0.0744755    0.0004168  
  137    0  125.4057398   -76.8411998   -0.3018509   -0.0193016  
  138    0   21.6196463  -182.3583511   -0.4161141   -0.0005919  
  139    0 -179.7005165  -117.4273572   -0.1970060    0.0527913  
  140    0 -185.7859124   111.6413657    0.1876384   -0.1096432  
  141    0   -5.8113957   208.3940063    0.3667063   -0.2914903  
  142    0  179.8815100   139.4693096    0.3190987   -0.2946617  
  143    0  249.2547718  -110.1306628    0.0346118   -0.0483876  
  144    0  -21.4384729  -300.7655060   -0.1310466    0.4690284  
  145    0 -276.0117128   -58.6751046    0.0852076    0.6313617  
  146    0 -106.6018499   178.9062684    0.1199151    0.2262680  
  147    0   33.8852308   110.5426832   -0.0339130   -0.0746743  
  148    0   74.3551243   121.6868121    0.0665892   -0.2914353  
  149    0  248.6942747   -15.9294040    0.0216029   -0.4644258  
  150    0   39.3994491  -317.3722551   -0.0247442   -0.0550264  
  151    0 -314.9021723   -68.1173211    0.4354774    0.2898902  
  152    0  -57.2007599   247.4179594    0.5404770   -0.0231366  
  153    0  136.2912702     9.0849408    0.0834626   -0.0934057  
  154    0  -58.8988654   -10.4244898    0.0605841    0.0126508  
  155    0  102.5804239   120.5018373    0.0895174   -0.3229765  
  156    0  149.9124392  -183.4361401   -0.1704696   -0.2911157  
  157  100 -224.3709477  -131.2231479    0.1172346    0.0326345  
  158  100  -64.6591879   228.0770385    0.3835954   -0.2562370  
  159  100  203.5330446   -32.6885850   -0.0195689   -0.3558590  
  160  100 -131.9914939  -160.8321007   -0.0000000    0.0000000  
  161  100 -107.2543561   202.0015544    0.3257535   -0.2189680  
  162  100  219.4239665    46.0500668    0.0483578   -0.4192837  
  163  100  -21.9061545  -176.8196826   -0.0433782   -0.0428026  
  164  100  -85.3408770    94.7296053    0.1673448   -0.0927618  
  165  100  166.3230453   -28.6454564   -0.1285873   -0.3010110  
  166  100 -131.9203671  -225.2177943   -0.1411059   -0.0359386  
  167  100 -256.4588375   194.9625724    0.3943183   -0.1775004  
  168  100  201.1771660   246.2103980    0.3316611   -0.5212724  
  169  100  187.4968462  -151.7848621    0.0049594   -0.1586979  
  170  100  -64.8549546   -84.8056294    0.0616087    0.1198179  
  171  100   44.5361766   -31.0503064   -0.0853053   -0.0599024  
  172  100 -106.3708615  -173.2710928   -0.1313695   -0.0197093  
  173  100 -270.9455860   139.9581381    0.3692490   -0.1112856  
  174  100  125.3131821   312.5490471    0.4809124   -0.4104565  
  175  100  286.2855998   -71.7443809    0.0771900   -0.1423426  
  176  100   -0.3131528  -197.8064119   -0.0641494    0.2578300  
  177  100  -69.2859659   -63.8132967   -0.0814254    0.1494504  
  178  100  -99.8577883   -66.6030126   -0.0408964    0.0058448  
  179  100 -176.0458022    97.8946412    0.2946617   -0.0431711  
  180  100   61.2475788   233.8440123    0.3797644   -0.1458170  
  181  100  230.4607184    -4.3004827    0.0075909   -0.0051425  
  182  100   53.1994567  -174.1049362   -0.2198774    0.2009377  
  183  100  -87.2433693   -93.1315222   -0.1466799    0.1169254  
  184  100 -104.7782067    -1.2260065    0.0349695   -0.0130213  
  185  100  -65.4788767    87.4948528    0.1900214   -0.0321261  
  186  100   49.6268513    90.7728363    0.1150803   -0.0203607  
  187  100   77.3502896    -4.4302158   -0.0622382    0.0101412  
  188  100   35.2138739   -39.0734338   -0.0920966   -0.0192258  
  189    0    2.5513136   -61.1945647   -0.0306100   -0.0241282  
  190    0  -72.0838248   -26.7393308    0.0821917    0.0526789  
  191    0  -21.1942073    72.0587619    0.1218228    0.0117118  
  192    0   67.5576651   -13.4380551    0.0000000   -0.0000000  
  193    0  -63.9271493   -63.2890687    0.0291217    0.1426614  
  194    0  -59.4306685   109.4170065    0.1158408    0.0975833  
  195    0  129.1644568    51.3186468   -0.0963717   -0.0195602  
  196    0   31.8544156  -110.2903707   -0.1906987    0.0529954  
  197    0  -52.8078011     4.3297596   -0.0152366    0.0238447  
  198    0   56.7304881   -29.8249393   -0.0839808    0.0166421  
  199    0 -114.8027528  -116.7697872   -0.1586144    0.1785294  
  200    0 -168.7938312   177.2911112    0.0272860   -0.0762602  
  201    0  198.4459812   194.3416774    0.0065421   -0.4641189  
  202    0  178.4424772  -171.4261269   -0.0553185   -0.1834456  
  203    0 -103.4295511  -115.7764516    0.0997338    0.1495996  
  204    0  -14.3682112    13.1827214    0.0234942    0.0176508  
  205    0  -75.1386961  -104.8268588    0.0242356    0.0115802  
  206    0 -212.7423408   139.4166448    0.4070755    0.0718086  
  207    0  165.9990372   280.1932292    0.2503231   -0.0218139  
  208    0  286.6235504  -152.9807720   -0.3546780    0.1266640  
  209    0 -109.4997033  -226.7899361   -0.2993784    0.2035328  
  210    0 -113.1117763    51.5972476    0.0272001   -0.0318265  
  211    0   -3.6681139   -27.2410515   -0.0292445    0.0334078  
  212    0 -159.7612579    43.6864839   -0.0274398    0.0857049  
  213    0   63.4917591   252.2846806    0.0206165   -0.3417732  
  214    0  283.9531518   -65.7997074   -0.0655520   -0.3507550  
  215    0  -58.2284065  -250.7011662    0.0756515    0.1594619  
  216    0 -165.6383785    49.0669912    0.1841716    0.1959885  
  217    0   43.4126102    54.3526389    0.0049732    0.0009310  
  218    0  -53.2238378   -41.2293436    0.0293142    0.0975277  
  219    0  -38.0232621   131.6990232    0.0827908    0.0652730  
  220    0  167.0381827    27.7225859   -0.1858736   -0.0624229  
  221    0    6.4354852  -159.2966614   -0.2024486    0.0042484  
  222    0 -120.6900084    24.6132663    0.0668570   -0.0345770  
  223    0   58.3477348    69.9928520    0.0526159   -0.1275851  
  224    0   25.4216950   -83.8040973   -0.0000000    0.0000000  
  225    0  -90.1763489     1.4674140    0.1063162    0.0843943  
  226    0    8.8458573    71.4245515    0.0380136    0.0149100  
  227    0   29.5881095    -3.8082041   -0.0377881   -0.0070689  
  228    0    1.7203693    24.6735254    0.0251401    0.0016459  
  229    0   74.8121595     3.3634609   -0.0699014   -0.0005671  
  230    0   24.3354035  -103.6667894   -0.1404222   -0.0039450  
  231    0  -99.5353816   -58.1564738    0.0579565    0.0097555  
  232    0  -94.3775601    60.8697307    0.1458760    0.0764190  
  233    0   -2.2225242   119.0260091   -0.0055513   -0.0073939  
  234    0  119.9697164    70.4447194   -0.0554542   -0.1981637  
  235    0  121.1499873   -91.7375473   -0.0007825   -0.0485774  
  236    0  -38.0081058  -135.7310175   -0.0446257    0.1904937  
  237    0 -106.1063619   -29.1417035   -0.0436305    0.0575764  
  238    0  -92.9461195    38.0500228    0.1222995   -0.0153327  
  239    0  -49.8990888   137.2734032    0.1180745    0.0648190  
  240    0  151.6664099   131.7568107   -0.1491162   -0.1429686  
  241    0  182.0249890  -134.3532705   -0.1599367   -0.1957970  
  242    0  -92.2571589  -183.7087244    0.0957543    0.1380220  
  243    0 -133.8214752    38.1402374    0.0841306    0.1523030  
  244    0  -13.9604319    44.5754559   -0.0000942   -0.0286557  
  245    0  -60.1462379    53.2814743    0.0956968    0.0480604  
  246    0   75.2313110   151.9076702   -0.0575146   -0.0449181  
  247    0  206.1501580   -81.6968474   -0.2366531   -0.1930233  
  248    0  -78.8439775  -209.2690588    0.0493383    0.0371952  
  249    0 -162.1657602    73.4619338    0.2141664    0.1260176  
  250    0   69.4391631    79.2966144   -0.0160386   -0.0031683  
  251    0  -16.2817453   -65.8675129   -0.0562987    0.0763928  
  252    0  -57.5898928   100.1107531   -0.0015899   -0.0077632  
  253    0  153.3830581    37.9969304   -0.1066723   -0.1926236  
  254    0    2.9298053  -167.6512941    0.0019480    0.0020931  
  255    0 -145.9029726    45.9703647    0.1873488    0.0990422  
  256    0  100.0000000   100.0000000    0.0000000    0.0000000  
  257    0   45.6891559  -145.0104586   -0.1856605    0.0966968  
  258    0 -165.6064246     2.8940700    0.0019504   -0.0019951  
  259    0   37.3038511   150.5852895    0.1129072   -0.1797027  
  260    0   97.6833326   -56.1934905   -0.0022309    0.0072073  
  261    0  -63.8770993   -15.7897363    0.0413481    0.0790922  
  262    0   76.4297162    66.9286523   -0.0151827   -0.0003927  
  263    0   70.3725091  -155.3459163   -0.2219628    0.0522506  
  264    0 -199.2407069   -75.0657069    0.0542211   -0.0140345  
  265    0  -77.3054158   195.0690167    0.2686638   -0.0508881  
  266    0  142.8614291    70.7512174   -0.0644647    0.0031901  
  267    0   49.8013572   -56.2177439   -0.0899881   -0.0255872  
  268    0   41.4084800   -12.9685778   -0.0191670    0.0156248  
  269    0   35.2130974  -123.5511093   -0.1482495    0.0043226  
  270    0 -168.5685874   -84.6538944    0.1374381    0.0333962  
  271    0 -122.5235932   165.9978624    0.1850469    0.0998260  
  272    0  119.4174124   137.4624212   -0.1174437   -0.1224938  
  273    0  123.6523759   -44.9478249   -0.0322525   -0.1044246  
  274    0   34.0636160   -83.2083842   -0.0509541    0.0846273  
  275    0  -25.9279809   -94.4050414   -0.0571852    0.0002398  
  276    0 -120.0186884   -33.6082577    0.1214602    0.0929993  
  277    0  -80.6177871   106.4650644    0.0152833    0.0342657  
  278    0   61.5239248   104.7773043    0.0158345   -0.1561586  
  279    0  103.3111177    -1.9290864   -0.0047395    0.0051047  
  280    0   52.5065908   -81.4106432   -0.1220426    0.0109958  
  281    0  -49.8557561   -85.3286210    0.0373404    0.0217081  
  282    0  -88.3200146    20.7328037    0.0569480    0.0845786  
  283    0    2.8477735    63.3419243   -0.0122722   -0.0485857  
  284    0   20.7609429     1.4475633    0.0005849   -0.0178277  
  285    0   -3.1844176    24.7415562    0.0069883   -0.0259566  
  286    0   59.3537625     7.3509025    0.0119123   -0.0255579  
  287    0    1.2118287   -74.4699774   -0.0454572    0.0806444  
  288    0  -68.7762453    20.8630459    0.0000000    0.0000000  
  289    0   57.0831879    47.5859265    0.0007056   -0.0917915  
  290    0   19.9481062   -97.8146126    0.0138321    0.0474659  
  291    0 -128.2960986     5.1830819    0.0408803    0.1248244  
  292    0   22.1876455   133.6882494   -0.0281225   -0.1224078  
  293    0  104.7434741   -30.2408361   -0.0080849   -0.0661951  
  294    0  -32.5847134   -42.0643005    0.0171213    0.0612624  
  295    0   42.6861702    34.0943532    0.0030016   -0.0008537  
  296    0   38.2922558  -129.2654593   -0.1493076    0.0673535  
  297    0 -194.4144860   -45.1551379    0.1031460   -0.0250355  
  298    0  -50.7040482   218.8090929    0.2118653    0.0027440  
  299    0  193.1752575    48.6158608   -0.1923928   -0.0573074  
  300    0   33.2387807  -121.5540585   -0.0437536   -0.0282748  
  301    0  -20.5946558    -2.7731508    0.0192346    0.0165536  
  302    0   38.7601159   -84.9701439    0.0067543    0.0226394  
  303    0 -169.2798380   -81.7324276   -0.0028563    0.2016707  
  304    0 -113.4582731   212.5745127    0.0696710   -0.1950891  
  305    0  206.4760289   122.3256611    0.0860211   -0.1059173  
  306    0  102.0784350  -155.7662303   -0.1897522    0.1144562  
  307    0  -76.2594885   -54.6619311    0.0139480   -0.0027429  
  308    0    9.5284612   -10.3853323   -0.0149150   -0.0036381  
  309    0  -83.1435608   -74.2767726    0.0792894    0.0480748  
  310    0 -122.3123387   127.3184964    0.0601374    0.0767984  
  311    0  137.7647560   140.6742112   -0.0694824   -0.2226579  
  312    0  124.8624882  -118.8780285   -0.0019714    0.0401257  
  313    0  -81.7037784   -80.3274451   -0.0411500    0.1094367  
  314    0  -20.7324917    39.4356000    0.0167378   -0.0378331  
  315  100    2.9901262   -36.4689964   -0.0125814   -0.0048827  
  316  100  -75.6676941    21.8545841    0.0868849    0.0336232  
  317  100   34.9774797    88.0351968   -0.0366308   -0.0272947  
  318  100   74.0852344   -40.2399513   -0.0434204   -0.0541893  
  319  100  -42.5698389   -42.9990282    0.0359849    0.0551774  
  320  100   -8.9790214    45.1405887    0.0000000    0.0000000  
  321  100   47.8290040   -14.0676553   -0.0413882   -0.0345570  
  322  100  -17.6302939   -47.5277046    0.0220172    0.0362823  
  323  100  -40.0791698     1.6709741   -0.0028795    0.0164692  
  324  100  -25.4200571    22.9091379    0.0395891   -0.0042774  
  325  100   -2.8628657    49.9848084   -0.0119370   -0.0234719  
  326  100   58.2646386    31.8541392    0.0185731   -0.0444232  
  327  100   55.7823085   -41.7460317   -0.0744247    0.0244371  
  328  100   -0.7763601   -66.3500676    0.0109571    0.0101903  
  329  100  -58.5753627   -54.8719904   -0.0278410    0.0687826  
  330  100 -108.7598321    33.2326245    0.1135128   -0.0250005  
  331  100   -2.6681174   142.9830754    0.0030042    0.0018522  
  332  100  144.0904539    37.7396511   -0.0486757   -0.1465820  
  333  100   59.9073201  -107.7324775   -0.0431270    0.1028503  
  334  100  -40.4778541   -60.6883807   -0.0148702    0.0034222  
  335  100  -38.5148193   -41.8178748   -0.0059622    0.0617101  
  336  100 -118.5606007    -0.1876966    0.0926261   -0.0230459  
  337    0  -42.7032915   170.4013229    0.0505901    0.0270481  
  338    0  184.7374653    74.0685017   -0.0954875   -0.1991804  
  339    0   82.1463039  -159.0273975   -0.0200637    0.1313313  
  340    0 -100.9854018   -61.9947852   -0.0302470    0.0334837  
  341    0  -17.9692661    25.7737363    0.0337145   -0.0090577  
  342    0  -48.7315539   -37.2673694    0.0424587    0.0132796  
  343    0  -86.6012455   106.9768103    0.0337820    0.0391183  
  344    0  139.4764677   113.9654568   -0.0343162   -0.1952809  
  345    0  109.6562127  -144.2446337   -0.0444492    0.1293744  
  346    0 -125.7652081   -73.6664369   -0.0311787    0.0330083  
  347    0  -15.8809889    92.2091936    0.0818238   -0.0585358  
  348    0   52.1386117   -46.9711114   -0.0329343    0.0476959  
  349    0  -96.6148813   -11.9695980   -0.0079891    0.0163463  
  350    0   24.9787611   119.0213004    0.0795353   -0.0953693  
  351    0  108.7701837   -57.7524072   -0.0951840    0.0623813  
  352    0  -85.9665488   -70.5509233    0.0000000   -0.0000000  
  353    0  -17.3436838   107.9891577    0.0948619   -0.0326652  
  354    0  120.1162835   -34.0526228   -0.1260602    0.0218907  
  355    0  -68.5949691  -117.2866105    0.0327364    0.0058363  
  356    0  -95.1731328    77.7798556    0.0734902    0.0533489  
  357    0   62.0521301    52.8235415   -0.0433607   -0.0775771  
  358    0   -5.3276669   -30.1015727    0.0112576    0.0116014  
  359    0    4.6079632    69.1281517    0.0322043   -0.0011560  
  360    0  124.5397349   -28.7924429   -0.1242728   -0.0578206  
  361    0  -34.0258504  -157.2994069    0.0606260    0.1156005  
  362    0 -157.3184778    19.5299408   -0.0036789    0.0143609  
  363    0   -7.8352710   122.3264245    0.0996626   -0.0521559  
  364    0   59.3917084    36.2905214   -0.0563036   -0.0436021  
  365    0   53.5332893    16.4098411   -0.0168776    0.0092253  
  366    0   85.9636080   -51.2216801   -0.0365388   -0.0464800  
  367    0  -27.9718596  -131.5815443   -0.0478251    0.1366614  
  368    0 -142.2514901   -10.1396425    0.1049196   -0.0293146  
  369    0  -51.6750638   116.9543152    0.0094970    0.0090203  
  370    0   64.9198823    83.7308687    0.0346834   -0.0874834  
  371    0   96.2260412    -2.6834150   -0.0989320   -0.0137188  
  372    0   51.1355059   -85.0962058    0.0071920    0.0450227  
  373    0  -53.3504513   -81.6428461   -0.0355220    0.0225951  
  374    0  -82.1763602     9.7424869    0.0691548    0.0485573  
  375    0  -34.3438133    56.0495064    0.0253607   -0.0548409  
  376    0   15.0017639    68.5996894   -0.0134883   -0.0056757  
  377    0   86.7575146    25.0709415    0.0034509   -0.0570454  
  378    0   49.6274374   -87.8431259   -0.0919018    0.0544647  
  379    0  -75.4366005   -50.3603551    0.0702457    0.0208076  
  380    0  -27.8147812    55.4288420   -0.0019609   -0.0025707  
  381    0   33.3043752    -9.0851826   -0.0146737   -0.0204589  
  382    0  -46.3656481   -12.1010325    0.0399136    0.0313887  
  383    0    8.1414434    69.9828237   -0.0254665   -0.0463538  
  384    0   70.7106781   -29.2893219    0.0000000   -0.0000000  
  385    0  -52.9388263   -47.2649607   -0.0174202    0.0498582  
  386    0   -6.6369402    78.2019350    0.0384660   -0.0732588  
  387    0  100.5607513   -38.4060217   -0.0608527    0.0554651  
  388    0  -73.7212040  -112.4977424    0.0068627   -0.0010413  
  389    0 -105.8933938    88.5330210    0.0807895    0.0487700  
  390    0   78.8869434    75.4218597   -0.0361376   -0.1079229  
  391    0   21.6671395   -48.6810540   -0.0069360    0.0444145  
  392    0   -8.0166836    47.3600545   -0.0072947   -0.0065570  
  393    0  117.1566723   -30.4536071   -0.0267547   -0.0589401  
  394    0  -55.8347360  -170.1326027   -0.0614080    0.1673407  
  395    0 -190.5984129    62.4368945    0.1784248   -0.0695721  
  396    0   51.2141379   169.7929630   -0.0691488   -0.0382012  
  397    0  109.2597709   -28.8069376   -0.0053047   -0.0305574  
  398    0   -4.6707550   -21.3178110   -0.0125493    0.0138721  
  399    0   73.7317286   -12.5662254   -0.0770467   -0.0063912  
  400    0  -18.1512942  -152.9594517    0.0599979    0.0957190  
  401    0 -197.1519576    12.5800062    0.0076359   -0.0192258  
  402    0    0.8814513   196.2050922    0.1074606   -0.0267299  
  403    0  151.8884063     9.7989458   -0.1121187   -0.0985280  
  404    0   13.3075731   -77.1220301   -0.0120186    0.0751440  
  405    0    7.9869564    -7.0433442   -0.0010175    0.0058176  
  406    0    7.0187302   -82.0771760   -0.0069034   -0.0023231  
  407    0 -128.5614285   -23.2095723    0.0207405    0.0875939  
  408    0  -34.5696062   139.8956561    0.0998954   -0.1055938  
  409    0  118.8560857    35.7942253   -0.1137961   -0.0195103  
  410    0   25.5297525   -76.6011430    0.0167682    0.0362732  
  411    0  -28.3429283    -7.0811670   -0.0015070    0.0032426  
  412    0   12.7858375   -11.8125600   -0.0110511   -0.0046129  
  413    0  -35.1145652   -26.5125743    0.0169513    0.0405003  
  414    0  -28.8525365    40.1760173    0.0242644   -0.0402016  
  415    0   32.2547204    19.1748988   -0.0211686    0.0030854  
  416    0    1.9982641   -20.2887162   -0.0000000    0.0000000  
  417    0  -12.9189648    14.5562196    0.0099684    0.0045880  
  418    0   21.9000607    15.0137986   -0.0067856   -0.0239152  
  419    0   25.9401869   -14.5610154   -0.0275471    0.0114821  
  420    0    7.1653909   -40.1239149    0.0084076    0.0295340  
  421    0  -49.5721881   -36.6037370    0.0156614   -0.0063014  
  422    0  -62.5280403    47.3168522    0.0134847    0.0175943  
  423    0   30.4287324    72.9416885    0.0342759   -0.0482958  
  424    0   59.5584032    -1.4533273   -0.0535184   -0.0253219  
  425    0   32.2620264   -21.3938996   -0.0292015    0.0226251  
  426    0   33.9036040   -61.0778583    0.0045744    0.0452657  
  427    0  -76.4540132   -91.6340570    0.0202825   -0.0053887  
  428    0 -134.2003951    73.9525905    0.0289855    0.0433318  
  429    0   54.7452702   146.5876715    0.0685132   -0.0976003  
  430    0  121.4006414   -25.0907624   -0.1182881   -0.0310099  
  431    0    5.9885986   -61.7658887   -0.0032144    0.0597986  
  432    0   18.9451713   -29.9354619   -0.0006121    0.0252117  
  433    0  -41.5734932  -100.5977424    0.0317559    0.0047368  
  434    0 -161.9584133    40.6324920    0.0058199    0.0301664  
  435    0   31.3489092   186.8005383    0.0969035   -0.0648331  
  436    0  168.5551563   -20.3500641   -0.1309433   -0.0811495  
  437    0  -13.6883515  -112.0803501   -0.0098487    0.1127963  
  438    0  -32.0511750    14.2160845    0.0244689   -0.0193476  
  439    0   20.3579734   -51.4510362    0.0107061    0.0313733  
  440    0 -118.7066443   -26.7944899    0.0141762   -0.0190702  
  441    0  -26.8189051   155.6689815    0.0375151    0.0055189  
  442    0  157.2370566    15.4575764   -0.0349648   -0.0922753  
  443    0   -7.8938403  -127.6445672   -0.0661323    0.0927667  
  444    0  -78.0952068    38.4294201    0.0850550   -0.0172049  
  445    0   67.0278472    22.6492881   -0.0650172   -0.0109151  
  446    0  -26.1496222   -83.2216596    0.0477784    0.0398939  
  447    0  -79.0406721    60.4714378   -0.0022116   -0.0381608  
  448    0   78.3227249    52.3335716   -0.0000000   -0.0000000  
  449    0    8.2792273   -82.5096365   -0.0311985    0.0030151  
  450    0  -78.1316734    41.6103336    0.0539981    0.0293958  
  451    0   82.8183820    69.7647397   -0.0255726   -0.0948742  
  452    0   59.4956417  -102.4551302   -0.0809184    0.0852610  
  453    0  -93.6452879   -46.5327661    0.0934716    0.0316177  
  454    0  -28.4241611    58.1353308   -0.0021177   -0.0500858  
  455    0    6.1386878     3.2392959   -0.0033195    0.0012774  
  456    0  -28.3254571    46.6451184   -0.0064439   -0.0083562  
  457    0   83.9329080    61.9263182    0.0091057   -0.0117278  
  458    0   90.2033468   -94.0954890   -0.0534850   -0.0259254  
  459    0  -73.9916443  -104.9518490   -0.0282081    0.0873241  
  460    0 -100.0723816    30.0983881    0.0890099    0.0284300  
  461    0  -23.4752793    74.1711787    0.0423762   -0.0634576  
  462    0   31.7481648    69.4674981   -0.0328980   -0.0665078  
  463    0   92.9792450    17.6076792   -0.0816351    0.0123647  
  464    0   61.8698293   -86.2251710    0.0011658    0.0740761  
  465    0  -50.9772032   -90.2268580    0.0481121    0.0059897  
  466    0  -96.4815649    -2.0688993    0.0071509   -0.0183720  
  467    0  -56.7533233    80.9856370    0.0053507    0.0043158  
  468    0   50.3909994    96.5666141    0.0279012   -0.0230081  
  469    0  109.7343506   -15.2686748   -0.0361960   -0.0510396  
  470    0   13.5841572   -92.6474703   -0.0583558    0.0396551  
  471    0  -50.6111211   -28.8411720    0.0240019    0.0458575  
  472    0  -29.0206920    -4.1975525    0.0253224    0.0126316  
  473    0  -56.7560415    18.6734965    0.0569645   -0.0141956  
  474    0    6.3100742    93.7968664   -0.0204844   -0.0863798  
  475    0  107.4720276    -0.8227474   -0.0845693    0.0364041  
  476    0   -7.7274228   -96.9883560    0.0459223    0.0539305  
  477    0  -67.8833125    26.6451495    0.0142043   -0.0389124  
  478    0   51.0202397    29.4357809   -0.0195655    0.0116809  
  479    0   -8.6999681   -70.2720954    0.0135525    0.0024309  
  480    0  -73.6838812    39.3848550    0.0000000    0.0000000  
  481    0   59.4578269    54.6644400    0.0091527   -0.0121593  
  482    0   13.8266754   -69.4467365   -0.0256771    0.0023654  
  483    0  -71.9077823    40.3126993    0.0358192    0.0238469  
  484    0   93.4061671    69.2848658   -0.0009341   -0.0765467  
  485    0   62.3087636  -129.5491983   -0.1031320    0.0404656  
  486    0 -136.3893275   -49.6648524    0.0742640    0.1000223  
  487    0  -29.0724096   109.3664414    0.0658066   -0.0808474  
  488    0   53.6233243    -0.7236980   -0.0498197   -0.0130658  
  489    0  -37.9875441    17.1246896    0.0389093   -0.0120701  
  490    0   84.4677913    77.0471681   -0.0837405   -0.0736061  
  491    0  109.0036424  -130.7177143   -0.0838427    0.1393438  
  492    0 -144.1363747  -124.0805120    0.1593619    0.0727995  
  493    0 -114.9115747   122.3129799    0.0502550   -0.1380008  
  494    0   72.6405396    79.6048158   -0.0841505   -0.0269146  
  495    0   23.3797675    -9.7993884   -0.0099084    0.0164587  
  496    0   48.8734625    42.0065234   -0.0445397    0.0011730  
  497    0  101.0861790   -88.5921156   -0.0013962    0.0836603  
  498    0 -101.2393431  -138.9919162    0.0950772    0.0014025  
  499    0 -145.9051877    87.1537988    0.0016391   -0.0822981  
  500    0   54.1696226   120.1636497   -0.0549886   -0.0030321  
  501    0   68.9374573   -14.4161628   -0.0049307    0.0244720  
  502    0   19.9068081    -6.1681623   -0.0002275    0.0061451  
  503    0   51.6192942     0.0000000   -0.0033814    0.0119334  
  504    0  -44.1134867     0.0000000    0.0018420   -0.0082027  
  505    0 -102.2410004     0.0000000    0.0025570   -0.0147365  
  506    0   17.9436625     0.0000000   -0.0002482    0.0019157  
  507    0   57.0695045     0.0000000   -0.0003925    0.0042528  
  508    0    7.5404280     0.0000000   -0.0000222    0.0003607  
  509    0    6.7584314     0.0000000   -0.0000067    0.0001821  
  510    0   -6.5352810     0.0000000    0.0000014   -0.0000783  
  511    0  -14.6835678     0.0000000    0.0000003   -0.0000440  
