   0   0.0000 
   1   0.0175 
   2   0.0349 
   3   0.0524 
   4   0.0699 
   5   0.0875 
   6   0.1051 
   7   0.1228 
   8   0.1405 
   9   0.1584 
  10   0.1763 
  11   0.1944 
  12   0.2126 
  13   0.2309 
  14   0.2493 
  15   0.2679 
  16   0.2867 
  17   0.3057 
  18   0.3249 
  19   0.3443 
  20   0.3640 
  21   0.3839 
  22   0.4040 
  23   0.4245 
  24   0.4452 
  25   0.4663 
  26   0.4877 
  57   1.5399 
  58   1.6003 
  59   1.6643 
  60   1.7321 
  61   1.8040 
  62   1.8807 
  63   1.9626 
  64   2.0503 
  65   2.1445 
  66   2.2460 
  67   2.3559 
  68   2.4751 
  69   2.6051 
  70   2.7475 
  71   2.9042 
  72   3.0777 
  73   3.2709 
  74   3.4874 
  75   3.7321 
  76   4.0108 
  77   4.3315 
  78   4.7046 
  79   5.1446 
  80   5.6713 
  81   6.3138 
  82   7.1154 
  83   8.1443 
  84   9.5144 
  85  11.4301 
  86  14.3007 
  87  19.0811 
  88  28.6363 
  89  57.2900 
  90 16331778728383844.0000 
  91 -57.2900 
  92 -28.6363 
  93 -19.0811 
  94 -14.3007 
  95 -11.4301 
  96  -9.5144 
  97  -8.1443 
  98  -7.1154 
  99  -6.3138 
