    0    0  500.0000000     0.0000000  500.0000000    0.0000000  
    1    0   39.7912766  -451.3566945   -0.0388587    0.4407780  
    2    0 -319.7196693   -48.7289404    0.6238450    0.0990016  
    3    0   -8.9876083   143.2892568    0.0340496   -0.4191896  
    4    0  -28.2547430   -76.0949604    0.0993171    0.3009936  
    5    0 -181.8988290   149.6724035    0.9304446   -0.6743481  
    6    0  194.1549001   270.6322410   -0.9851180   -1.6802562  
    7    0  304.8776598  -160.6984355   -2.1998670    0.8185831  
    8    0  -72.5283638  -261.7522061    0.2073616    2.0983725  
    9    0 -142.5452377   -32.6127749    1.1478430    0.5485532  
   10    0 -116.6756459   -25.7837142    1.0117209    0.5443370  
   11    0 -198.0346794   154.8665918    2.5002838   -0.8458176  
   12    0  143.7457546   324.7709554   -0.0472078   -4.0285984  
   13    0  368.1990004  -101.0825826   -4.5318379   -0.9691041  
   14    0  -57.7009178  -314.5128922   -1.5143140    3.8254538  
   15    0 -178.4673987    44.4497702    2.2896726    0.9685293  
   16    0   79.1954713    -1.3978262   -0.8390195   -0.7338936  
   17    0 -175.2489397  -158.7184867    0.0012681    3.4323690  
   18    0 -258.6190685   297.8898810    5.8304065    0.4847357  
   19    0  342.7171720   341.4263743    1.8786995   -7.0069573  
   20    0  370.1064558  -309.0246873   -6.4453738   -3.2750594  
   21    0 -220.3510421  -322.1507254   -3.6732636    4.4630030  
   22    0 -199.1248900   114.7078552    2.0742991    2.5860409  
   23    0   30.3417019    28.0880857    0.3807295   -0.4267733  
   24    0 -145.8790896     7.8230208   -0.1314088    1.8975053  
   25    0   -3.7435274   273.6667752    3.1495512    0.9181571  
   26    0  317.9496749    47.3473117    1.8660006   -2.9035013  
   27    0   92.2335510  -265.4275981   -1.5856541   -2.0709730  
   28    0 -131.2859528  -107.5975347   -1.2855771    0.1754733  
   29    0  -75.5527312   -45.6692325   -0.5136482    0.0550200  
   30    0 -215.5435834    -0.8094196   -0.7586893    0.3841587  
   31    0  -97.3490488   333.2720261    0.0028764    0.6858054  
   32    0  372.5132940   176.9723278   -0.0000000   -0.0000000  
   33    0  203.0799856  -332.8724616   -0.4492899    0.5959751  
   34    0 -238.1731545  -153.5620979    0.6725819    0.8026453  
   35    0  -30.2444900   126.6409951    0.4645191   -0.5049570  
   36    0   36.6604439  -139.7714539   -0.7881056    0.5279625  
   37    0 -311.6092143     6.7551083    1.4128243    1.8680041  
   38    0   -0.0035419   436.5738589    3.2439779   -1.3670483  
   39    0  477.8734249    39.3389585   -0.3269649   -3.9050327  
   40    0   80.6065838  -422.7355679   -3.2523202   -0.8723226  
   41    0 -286.7486764   -93.0877409   -1.2530974    1.7079882  
   42    0  -58.8987012   108.9164693    0.3479997    0.6303608  
   43    0  -60.8944097   -19.0045185   -0.2456543    0.1156299  
   44    0 -116.7787706   177.8306785   -0.0531931    0.5173493  
   45    0  215.8629084   197.7602770    0.1261475    0.0744278  
   46    0  225.8324756  -174.9130454   -0.3409557    0.2290395  
   47    0  -79.0533688  -179.3057681    0.0413269    0.6300307  
   48    0  -60.2478891   -33.3395960    0.1342717    0.2949254  
   49    0 -123.8105846  -104.2558094   -0.0575156    0.9305491  
   50    0 -269.6173042   167.3062960    1.5528511    1.2504495  
   51    0  160.1557475   387.6432415    2.3784532   -1.0692136  
   52    0  422.1377984  -119.8452370    0.0137299   -2.4385609  
   53    0  -76.8742979  -360.8759305   -1.4857329   -0.6132137  
   54    0 -219.8188270    61.8398928   -0.3780155    0.4948984  
   55    0   92.6056107    38.0972806    0.0834221    0.0064662  
   56    0 -134.5391420  -166.3633873    0.1453339    0.1890170  
   57    0 -259.6083580   253.5299637    0.9671547   -0.4150743  
   58    0  293.2067455   336.1641749    0.0012560   -1.9214194  
   59    0  360.4492373  -253.8131523   -2.0364728   -1.0096669  
   60    0 -159.6329586  -311.2203981   -1.5288676    1.0661098  
   61    0 -190.7741843    49.1300200    0.0178291    0.9438378  
   62    0  -39.2366394    26.1276629   -0.0033981    0.1700089  
   63    0 -138.4969731    80.4222989   -0.1378040    0.2768914  
   64    0   70.7106781   255.4865846    0.0000000    0.0000000  
   65    0  289.2957028   -27.4608573   -0.5494157   -0.0560745  
   66    0   19.0094013  -228.2573748   -0.4994961    0.6198687  
   67    0  -88.6672133   -38.2629221    0.0701444    0.4258542  
   68    0  -12.4765180   -90.2948398   -0.4105073    0.1255648  
   69    0 -259.0918375   -55.6986824   -0.4969702    0.9796571  
   70    0 -143.1334895   373.5422341    0.5728989    0.9918588  
   71    0  408.3919999   214.1917091    0.5000116    0.0114231  
   72    0  233.8741011  -364.2151556   -0.1955301    0.3215961  
   73    0 -265.4734964  -181.4054349    0.4449846    0.7191469  
   74    0  -59.2938565   150.6584980    0.5897465   -0.2024542  
   75    0   58.1700862  -105.5672650   -0.4996769   -0.1286834  
   76    0 -269.4010762   -13.0004235   -0.2617731    0.9966935  
   77    0  -18.8993675   385.2546458    0.7389070    0.6532786  
   78    0  418.2880132    58.6560614    0.3057707   -0.0892708  
   79    0  102.1763265  -357.4041654   -0.1452566    0.4190391  
   80    0 -219.1964691  -119.2261055    0.3601204    0.6108830  
   81    0  -92.0484372    42.8188511    0.3196430    0.2165425  
   82    0 -122.4959274    23.1344861    0.1088957    0.4658952  
   83    0  -64.7932816   233.0262728    0.5270225    0.4729674  
   84    0  263.9800484   136.6849762    0.3808043   -0.0472877  
   85    0  158.1646324  -216.2639024   -0.0916160    0.1509310  
   86    0 -114.4777664  -108.9404286    0.1393778    0.3545783  
   87    0    8.2900950    -2.9251563   -0.0248959   -0.0179291  
   88    0  -97.6727427  -166.8165256   -0.5716322    0.3938739  
   89    0 -323.3894465   144.8749038   -0.0427956    0.9472128  
   90    0  140.7652535   431.7976776    0.3473500    0.2909651  
   91    0  457.9628786  -102.3906297   -0.4370399    0.1005323  
   92    0  -59.5849197  -391.3707574   -0.4015967    0.9468374  
   93    0 -248.8772154    42.3406484    0.5035085    0.7014623  
   94    0   68.3273255    69.5373381    0.2430483   -0.1886462  
   95    0  -97.8085159  -135.2209492   -0.3129486   -0.0210464  
   96    0 -220.7405732   209.9755135    0.0000000   -0.0000000  
   97    0  242.6761667   290.4722626   -0.2749304   -0.6476263  
   98    0  310.7078342  -197.1472094   -1.0679279   -0.3590038  
   99    0  -98.0823137  -261.6584909   -0.8055052    0.3776477  
  100    0 -146.1940091   -16.1734459   -0.1902006    0.2565977  
  101    0 -107.5477964    -9.2111407   -0.0388451    0.0139193  
  102    0 -161.9095910   151.3050303    0.2869449   -0.1804362  
  103    0  143.6816578   266.5050307    0.2722655   -0.8171630  
  104    0  289.7279857  -101.5467616   -0.4160233   -0.8400494  
  105    0  -54.4389794  -221.6509646   -0.4535394   -0.1277589  
  106    0  -79.3491927    32.0722356   -0.0157137    0.0160255  
  107    0   52.0081507   -98.3008364   -0.1202130    0.1354326  
  108    0 -262.9451655  -112.0971997    0.2170307    0.7782265  
  109    0 -190.5342088   372.0173686    1.0564905    0.5248327  
  110    0  401.7816461   253.5898423    0.7175146   -0.2629167  
  111    0  268.2671090  -353.8064608   -0.0522354    0.1203652  
  112    0 -252.8392986  -215.2991222    0.2798126    0.6205171  
  113    0    0.0000000     0.0000000    0.0000000    0.0000000  
  114    0    0.0000000     0.0000000    0.0000000    0.0000000  
  115    0    0.0000000     0.0000000    0.0000000    0.0000000  
  116    0    0.0000000     0.0000000    0.0000000    0.0000000  
  117    0    0.0000000     0.0000000    0.0000000    0.0000000  
  118    0    0.0000000     0.0000000    0.0000000    0.0000000  
  119    0    0.0000000     0.0000000    0.0000000    0.0000000  
  120    0    0.0000000     0.0000000    0.0000000    0.0000000  
  121    0    0.0000000     0.0000000    0.0000000    0.0000000  
  122    0    0.0000000     0.0000000    0.0000000    0.0000000  
  123    0    0.0000000     0.0000000    0.0000000    0.0000000  
  124    0    0.0000000     0.0000000    0.0000000    0.0000000  
  125    0    0.0000000     0.0000000    0.0000000    0.0000000  
  126    0    0.0000000     0.0000000    0.0000000    0.0000000  
  127    0    0.0000000     0.0000000    0.0000000    0.0000000  
  128    0    0.0000000     0.0000000    0.0000000    0.0000000  
  129    0    0.0000000     0.0000000    0.0000000    0.0000000  
  130    0    0.0000000     0.0000000    0.0000000    0.0000000  
  131    0    0.0000000     0.0000000    0.0000000    0.0000000  
  132    0    0.0000000     0.0000000    0.0000000    0.0000000  
  133    0    0.0000000     0.0000000    0.0000000    0.0000000  
  134    0    0.0000000     0.0000000    0.0000000    0.0000000  
  135    0    0.0000000     0.0000000    0.0000000    0.0000000  
  136    0    0.0000000     0.0000000    0.0000000    0.0000000  
  137    0    0.0000000     0.0000000    0.0000000    0.0000000  
  138    0    0.0000000     0.0000000    0.0000000    0.0000000  
  139    0    0.0000000     0.0000000    0.0000000    0.0000000  
  140    0    0.0000000     0.0000000    0.0000000    0.0000000  
  141    0    0.0000000     0.0000000    0.0000000    0.0000000  
  142    0    0.0000000     0.0000000    0.0000000    0.0000000  
  143    0    0.0000000     0.0000000    0.0000000    0.0000000  
  144    0    0.0000000     0.0000000    0.0000000    0.0000000  
  145    0    0.0000000     0.0000000    0.0000000    0.0000000  
  146    0    0.0000000     0.0000000    0.0000000    0.0000000  
  147    0    0.0000000     0.0000000    0.0000000    0.0000000  
  148    0    0.0000000     0.0000000    0.0000000    0.0000000  
  149    0    0.0000000     0.0000000    0.0000000    0.0000000  
  150    0    0.0000000     0.0000000    0.0000000    0.0000000  
  151    0    0.0000000     0.0000000    0.0000000    0.0000000  
  152    0    0.0000000     0.0000000    0.0000000    0.0000000  
  153    0    0.0000000     0.0000000    0.0000000    0.0000000  
  154    0    0.0000000     0.0000000    0.0000000    0.0000000  
  155    0    0.0000000     0.0000000    0.0000000    0.0000000  
  156    0    0.0000000     0.0000000    0.0000000    0.0000000  
  157  100    0.0000000     0.0000000    0.0000000    0.0000000  
  158  100    0.0000000     0.0000000    0.0000000    0.0000000  
  159    0    0.0000000     0.0000000    0.0000000    0.0000000  
  160    0    0.0000000     0.0000000    0.0000000    0.0000000  
  161    0    0.0000000     0.0000000    0.0000000    0.0000000  
  162    0    0.0000000     0.0000000    0.0000000    0.0000000  
  163    0    0.0000000     0.0000000    0.0000000    0.0000000  
  164    0    0.0000000     0.0000000    0.0000000    0.0000000  
  165    0    0.0000000     0.0000000    0.0000000    0.0000000  
  166    0    0.0000000     0.0000000    0.0000000    0.0000000  
  167    0    0.0000000     0.0000000    0.0000000    0.0000000  
  168    0    0.0000000     0.0000000    0.0000000    0.0000000  
  169    0    0.0000000     0.0000000    0.0000000    0.0000000  
  170    0    0.0000000     0.0000000    0.0000000    0.0000000  
  171    0    0.0000000     0.0000000    0.0000000    0.0000000  
  172    0    0.0000000     0.0000000    0.0000000    0.0000000  
  173    0    0.0000000     0.0000000    0.0000000    0.0000000  
  174    0    0.0000000     0.0000000    0.0000000    0.0000000  
  175    0    0.0000000     0.0000000    0.0000000    0.0000000  
  176    0    0.0000000     0.0000000    0.0000000    0.0000000  
  177    0    0.0000000     0.0000000    0.0000000    0.0000000  
  178    0    0.0000000     0.0000000    0.0000000    0.0000000  
  179    0    0.0000000     0.0000000    0.0000000    0.0000000  
  180    0    0.0000000     0.0000000    0.0000000    0.0000000  
  181    0    0.0000000     0.0000000    0.0000000    0.0000000  
  182    0    0.0000000     0.0000000    0.0000000    0.0000000  
  183    0    0.0000000     0.0000000    0.0000000    0.0000000  
  184    0    0.0000000     0.0000000    0.0000000    0.0000000  
  185    0    0.0000000     0.0000000    0.0000000    0.0000000  
  186    0    0.0000000     0.0000000    0.0000000    0.0000000  
  187    0    0.0000000     0.0000000    0.0000000    0.0000000  
  188    0    0.0000000     0.0000000    0.0000000    0.0000000  
  189    0    0.0000000     0.0000000    0.0000000    0.0000000  
  190    0    0.0000000     0.0000000    0.0000000    0.0000000  
  191    0    0.0000000     0.0000000    0.0000000    0.0000000  
  192    0    0.0000000     0.0000000    0.0000000    0.0000000  
  193    0    0.0000000     0.0000000    0.0000000    0.0000000  
  194    0    0.0000000     0.0000000    0.0000000    0.0000000  
  195    0    0.0000000     0.0000000    0.0000000    0.0000000  
  196    0    0.0000000     0.0000000    0.0000000    0.0000000  
  197    0    0.0000000     0.0000000    0.0000000    0.0000000  
  198    0    0.0000000     0.0000000    0.0000000    0.0000000  
  199    0    0.0000000     0.0000000    0.0000000    0.0000000  
  200    0    0.0000000     0.0000000    0.0000000    0.0000000  
  201    0    0.0000000     0.0000000    0.0000000    0.0000000  
  202    0    0.0000000     0.0000000    0.0000000    0.0000000  
  203    0    0.0000000     0.0000000    0.0000000    0.0000000  
  204    0    0.0000000     0.0000000    0.0000000    0.0000000  
  205    0    0.0000000     0.0000000    0.0000000    0.0000000  
  206    0    0.0000000     0.0000000    0.0000000    0.0000000  
  207    0    0.0000000     0.0000000    0.0000000    0.0000000  
  208    0    0.0000000     0.0000000    0.0000000    0.0000000  
  209    0    0.0000000     0.0000000    0.0000000    0.0000000  
  210    0    0.0000000     0.0000000    0.0000000    0.0000000  
  211    0    0.0000000     0.0000000    0.0000000    0.0000000  
  212    0    0.0000000     0.0000000    0.0000000    0.0000000  
  213    0    0.0000000     0.0000000    0.0000000    0.0000000  
  214    0    0.0000000     0.0000000    0.0000000    0.0000000  
  215    0    0.0000000     0.0000000    0.0000000    0.0000000  
  216    0    0.0000000     0.0000000    0.0000000    0.0000000  
  217    0    0.0000000     0.0000000    0.0000000    0.0000000  
  218    0    0.0000000     0.0000000    0.0000000    0.0000000  
  219    0    0.0000000     0.0000000    0.0000000    0.0000000  
  220    0    0.0000000     0.0000000    0.0000000    0.0000000  
  221    0    0.0000000     0.0000000    0.0000000    0.0000000  
  222    0    0.0000000     0.0000000    0.0000000    0.0000000  
  223    0    0.0000000     0.0000000    0.0000000    0.0000000  
  224    0    0.0000000     0.0000000    0.0000000    0.0000000  
  225    0    0.0000000     0.0000000    0.0000000    0.0000000  
  226    0    0.0000000     0.0000000    0.0000000    0.0000000  
  227    0    0.0000000     0.0000000    0.0000000    0.0000000  
  228    0    0.0000000     0.0000000    0.0000000    0.0000000  
  229    0    0.0000000     0.0000000    0.0000000    0.0000000  
  230    0    0.0000000     0.0000000    0.0000000    0.0000000  
  231    0    0.0000000     0.0000000    0.0000000    0.0000000  
  232    0    0.0000000     0.0000000    0.0000000    0.0000000  
  233    0    0.0000000     0.0000000    0.0000000    0.0000000  
  234    0    0.0000000     0.0000000    0.0000000    0.0000000  
  235    0    0.0000000     0.0000000    0.0000000    0.0000000  
  236    0    0.0000000     0.0000000    0.0000000    0.0000000  
  237    0    0.0000000     0.0000000    0.0000000    0.0000000  
  238    0    0.0000000     0.0000000    0.0000000    0.0000000  
  239    0    0.0000000     0.0000000    0.0000000    0.0000000  
  240    0    0.0000000     0.0000000    0.0000000    0.0000000  
  241    0    0.0000000     0.0000000    0.0000000    0.0000000  
  242    0    0.0000000     0.0000000    0.0000000    0.0000000  
  243    0    0.0000000     0.0000000    0.0000000    0.0000000  
  244    0    0.0000000     0.0000000    0.0000000    0.0000000  
  245    0    0.0000000     0.0000000    0.0000000    0.0000000  
  246    0    0.0000000     0.0000000    0.0000000    0.0000000  
  247    0    0.0000000     0.0000000    0.0000000    0.0000000  
  248    0    0.0000000     0.0000000    0.0000000    0.0000000  
  249    0    0.0000000     0.0000000    0.0000000    0.0000000  
  250    0    0.0000000     0.0000000    0.0000000    0.0000000  
  251    0    0.0000000     0.0000000    0.0000000    0.0000000  
  252    0    0.0000000     0.0000000    0.0000000    0.0000000  
  253    0    0.0000000     0.0000000    0.0000000    0.0000000  
  254    0    0.0000000     0.0000000    0.0000000    0.0000000  
  255    0    0.0000000     0.0000000    0.0000000    0.0000000  
  256    0    0.0000000     0.0000000    0.0000000    0.0000000  
  257    0    0.0000000     0.0000000    0.0000000    0.0000000  
  258    0    0.0000000     0.0000000    0.0000000    0.0000000  
  259    0    0.0000000     0.0000000    0.0000000    0.0000000  
  260  100    0.0000000     0.0000000    0.0000000    0.0000000  
  261    0    0.0000000     0.0000000    0.0000000    0.0000000  
  262    0    0.0000000     0.0000000    0.0000000    0.0000000  
  263    0    0.0000000     0.0000000    0.0000000    0.0000000  
  264    0    0.0000000     0.0000000    0.0000000    0.0000000  
  265    0    0.0000000     0.0000000    0.0000000    0.0000000  
  266    0    0.0000000     0.0000000    0.0000000    0.0000000  
  267    0    0.0000000     0.0000000    0.0000000    0.0000000  
  268    0    0.0000000     0.0000000    0.0000000    0.0000000  
  269    0    0.0000000     0.0000000    0.0000000    0.0000000  
  270    0    0.0000000     0.0000000    0.0000000    0.0000000  
  271    0    0.0000000     0.0000000    0.0000000    0.0000000  
  272    0    0.0000000     0.0000000    0.0000000    0.0000000  
  273    0    0.0000000     0.0000000    0.0000000    0.0000000  
  274    0    0.0000000     0.0000000    0.0000000    0.0000000  
  275    0    0.0000000     0.0000000    0.0000000    0.0000000  
  276    0    0.0000000     0.0000000    0.0000000    0.0000000  
  277    0    0.0000000     0.0000000    0.0000000    0.0000000  
  278    0    0.0000000     0.0000000    0.0000000    0.0000000  
  279    0    0.0000000     0.0000000    0.0000000    0.0000000  
  280    0    0.0000000     0.0000000    0.0000000    0.0000000  
  281    0    0.0000000     0.0000000    0.0000000    0.0000000  
  282    0    0.0000000     0.0000000    0.0000000    0.0000000  
  283    0    0.0000000     0.0000000    0.0000000    0.0000000  
  284    0    0.0000000     0.0000000    0.0000000    0.0000000  
  285    0    0.0000000     0.0000000    0.0000000    0.0000000  
  286    0    0.0000000     0.0000000    0.0000000    0.0000000  
  287    0    0.0000000     0.0000000    0.0000000    0.0000000  
  288    0    0.0000000     0.0000000    0.0000000    0.0000000  
  289    0    0.0000000     0.0000000    0.0000000    0.0000000  
  290    0    0.0000000     0.0000000    0.0000000    0.0000000  
  291    0    0.0000000     0.0000000    0.0000000    0.0000000  
  292    0    0.0000000     0.0000000    0.0000000    0.0000000  
  293    0    0.0000000     0.0000000    0.0000000    0.0000000  
  294    0    0.0000000     0.0000000    0.0000000    0.0000000  
  295    0    0.0000000     0.0000000    0.0000000    0.0000000  
  296    0    0.0000000     0.0000000    0.0000000    0.0000000  
  297    0    0.0000000     0.0000000    0.0000000    0.0000000  
  298    0    0.0000000     0.0000000    0.0000000    0.0000000  
  299    0    0.0000000     0.0000000    0.0000000    0.0000000  
  300    0    0.0000000     0.0000000    0.0000000    0.0000000  
  301    0    0.0000000     0.0000000    0.0000000    0.0000000  
  302    0    0.0000000     0.0000000    0.0000000    0.0000000  
  303    0    0.0000000     0.0000000    0.0000000    0.0000000  
  304    0    0.0000000     0.0000000    0.0000000    0.0000000  
  305    0    0.0000000     0.0000000    0.0000000    0.0000000  
  306    0    0.0000000     0.0000000    0.0000000    0.0000000  
  307    0    0.0000000     0.0000000    0.0000000    0.0000000  
  308    0    0.0000000     0.0000000    0.0000000    0.0000000  
  309    0    0.0000000     0.0000000    0.0000000    0.0000000  
  310    0    0.0000000     0.0000000    0.0000000    0.0000000  
  311    0    0.0000000     0.0000000    0.0000000    0.0000000  
  312    0    0.0000000     0.0000000    0.0000000    0.0000000  
  313    0    0.0000000     0.0000000    0.0000000    0.0000000  
  314    0    0.0000000     0.0000000    0.0000000    0.0000000  
  315  100    0.0000000     0.0000000    0.0000000    0.0000000  
  316  100    0.0000000     0.0000000    0.0000000    0.0000000  
  317    0    0.0000000     0.0000000    0.0000000    0.0000000  
  318    0    0.0000000     0.0000000    0.0000000    0.0000000  
  319    0    0.0000000     0.0000000    0.0000000    0.0000000  
  320    0    0.0000000     0.0000000    0.0000000    0.0000000  
  321    0    0.0000000     0.0000000    0.0000000    0.0000000  
  322    0    0.0000000     0.0000000    0.0000000    0.0000000  
  323    0    0.0000000     0.0000000    0.0000000    0.0000000  
  324    0    0.0000000     0.0000000    0.0000000    0.0000000  
  325    0    0.0000000     0.0000000    0.0000000    0.0000000  
  326    0    0.0000000     0.0000000    0.0000000    0.0000000  
  327    0    0.0000000     0.0000000    0.0000000    0.0000000  
  328    0    0.0000000     0.0000000    0.0000000    0.0000000  
  329    0    0.0000000     0.0000000    0.0000000    0.0000000  
  330    0    0.0000000     0.0000000    0.0000000    0.0000000  
  331    0    0.0000000     0.0000000    0.0000000    0.0000000  
  332    0    0.0000000     0.0000000    0.0000000    0.0000000  
  333    0    0.0000000     0.0000000    0.0000000    0.0000000  
  334    0    0.0000000     0.0000000    0.0000000    0.0000000  
  335    0    0.0000000     0.0000000    0.0000000    0.0000000  
  336    0    0.0000000     0.0000000    0.0000000    0.0000000  
  337    0    0.0000000     0.0000000    0.0000000    0.0000000  
  338    0    0.0000000     0.0000000    0.0000000    0.0000000  
  339    0    0.0000000     0.0000000    0.0000000    0.0000000  
  340    0    0.0000000     0.0000000    0.0000000    0.0000000  
  341    0    0.0000000     0.0000000    0.0000000    0.0000000  
  342    0    0.0000000     0.0000000    0.0000000    0.0000000  
  343    0    0.0000000     0.0000000    0.0000000    0.0000000  
  344    0    0.0000000     0.0000000    0.0000000    0.0000000  
  345    0    0.0000000     0.0000000    0.0000000    0.0000000  
  346    0    0.0000000     0.0000000    0.0000000    0.0000000  
  347    0    0.0000000     0.0000000    0.0000000    0.0000000  
  348    0    0.0000000     0.0000000    0.0000000    0.0000000  
  349    0    0.0000000     0.0000000    0.0000000    0.0000000  
  350    0    0.0000000     0.0000000    0.0000000    0.0000000  
  351    0    0.0000000     0.0000000    0.0000000    0.0000000  
  352    0    0.0000000     0.0000000    0.0000000    0.0000000  
  353    0    0.0000000     0.0000000    0.0000000    0.0000000  
  354    0    0.0000000     0.0000000    0.0000000    0.0000000  
  355    0    0.0000000     0.0000000    0.0000000    0.0000000  
  356    0    0.0000000     0.0000000    0.0000000    0.0000000  
  357    0    0.0000000     0.0000000    0.0000000    0.0000000  
  358    0    0.0000000     0.0000000    0.0000000    0.0000000  
  359    0    0.0000000     0.0000000    0.0000000    0.0000000  
  360    0    0.0000000     0.0000000    0.0000000    0.0000000  
  361    0    0.0000000     0.0000000    0.0000000    0.0000000  
  362    0    0.0000000     0.0000000    0.0000000    0.0000000  
  363    0    0.0000000     0.0000000    0.0000000    0.0000000  
  364    0    0.0000000     0.0000000    0.0000000    0.0000000  
  365    0    0.0000000     0.0000000    0.0000000    0.0000000  
  366    0    0.0000000     0.0000000    0.0000000    0.0000000  
  367    0    0.0000000     0.0000000    0.0000000    0.0000000  
  368    0    0.0000000     0.0000000    0.0000000    0.0000000  
  369    0    0.0000000     0.0000000    0.0000000    0.0000000  
  370    0    0.0000000     0.0000000    0.0000000    0.0000000  
  371    0    0.0000000     0.0000000    0.0000000    0.0000000  
  372    0    0.0000000     0.0000000    0.0000000    0.0000000  
  373    0    0.0000000     0.0000000    0.0000000    0.0000000  
  374    0    0.0000000     0.0000000    0.0000000    0.0000000  
  375    0    0.0000000     0.0000000    0.0000000    0.0000000  
  376    0    0.0000000     0.0000000    0.0000000    0.0000000  
  377    0    0.0000000     0.0000000    0.0000000    0.0000000  
  378    0    0.0000000     0.0000000    0.0000000    0.0000000  
  379    0    0.0000000     0.0000000    0.0000000    0.0000000  
  380    0    0.0000000     0.0000000    0.0000000    0.0000000  
  381    0    0.0000000     0.0000000    0.0000000    0.0000000  
  382    0    0.0000000     0.0000000    0.0000000    0.0000000  
  383    0    0.0000000     0.0000000    0.0000000    0.0000000  
  384    0    0.0000000     0.0000000    0.0000000    0.0000000  
  385    0    0.0000000     0.0000000    0.0000000    0.0000000  
  386    0    0.0000000     0.0000000    0.0000000    0.0000000  
  387    0    0.0000000     0.0000000    0.0000000    0.0000000  
  388    0    0.0000000     0.0000000    0.0000000    0.0000000  
  389    0    0.0000000     0.0000000    0.0000000    0.0000000  
  390    0    0.0000000     0.0000000    0.0000000    0.0000000  
  391    0    0.0000000     0.0000000    0.0000000    0.0000000  
  392    0    0.0000000     0.0000000    0.0000000    0.0000000  
  393    0    0.0000000     0.0000000    0.0000000    0.0000000  
  394    0    0.0000000     0.0000000    0.0000000    0.0000000  
  395    0    0.0000000     0.0000000    0.0000000    0.0000000  
  396    0    0.0000000     0.0000000    0.0000000    0.0000000  
  397    0    0.0000000     0.0000000    0.0000000    0.0000000  
  398    0    0.0000000     0.0000000    0.0000000    0.0000000  
  399    0    0.0000000     0.0000000    0.0000000    0.0000000  
  400    0    0.0000000     0.0000000    0.0000000    0.0000000  
  401    0    0.0000000     0.0000000    0.0000000    0.0000000  
  402    0    0.0000000     0.0000000    0.0000000    0.0000000  
  403    0    0.0000000     0.0000000    0.0000000    0.0000000  
  404    0    0.0000000     0.0000000    0.0000000    0.0000000  
  405    0    0.0000000     0.0000000    0.0000000    0.0000000  
  406    0    0.0000000     0.0000000    0.0000000    0.0000000  
  407    0    0.0000000     0.0000000    0.0000000    0.0000000  
  408    0    0.0000000     0.0000000    0.0000000    0.0000000  
  409    0    0.0000000     0.0000000    0.0000000    0.0000000  
  410    0    0.0000000     0.0000000    0.0000000    0.0000000  
  411    0    0.0000000     0.0000000    0.0000000    0.0000000  
  412    0    0.0000000     0.0000000    0.0000000    0.0000000  
  413    0    0.0000000     0.0000000    0.0000000    0.0000000  
  414    0    0.0000000     0.0000000    0.0000000    0.0000000  
  415    0    0.0000000     0.0000000    0.0000000    0.0000000  
  416    0    0.0000000     0.0000000    0.0000000    0.0000000  
  417    0    0.0000000     0.0000000    0.0000000    0.0000000  
  418    0    0.0000000     0.0000000    0.0000000    0.0000000  
  419    0    0.0000000     0.0000000    0.0000000    0.0000000  
  420    0    0.0000000     0.0000000    0.0000000    0.0000000  
  421    0    0.0000000     0.0000000    0.0000000    0.0000000  
  422    0    0.0000000     0.0000000    0.0000000    0.0000000  
  423    0    0.0000000     0.0000000    0.0000000    0.0000000  
  424    0    0.0000000     0.0000000    0.0000000    0.0000000  
  425    0    0.0000000     0.0000000    0.0000000    0.0000000  
  426    0    0.0000000     0.0000000    0.0000000    0.0000000  
  427    0    0.0000000     0.0000000    0.0000000    0.0000000  
  428    0    0.0000000     0.0000000    0.0000000    0.0000000  
  429    0    0.0000000     0.0000000    0.0000000    0.0000000  
  430    0    0.0000000     0.0000000    0.0000000    0.0000000  
  431    0    0.0000000     0.0000000    0.0000000    0.0000000  
  432    0    0.0000000     0.0000000    0.0000000    0.0000000  
  433    0    0.0000000     0.0000000    0.0000000    0.0000000  
  434    0    0.0000000     0.0000000    0.0000000    0.0000000  
  435    0    0.0000000     0.0000000    0.0000000    0.0000000  
  436    0    0.0000000     0.0000000    0.0000000    0.0000000  
  437    0    0.0000000     0.0000000    0.0000000    0.0000000  
  438    0    0.0000000     0.0000000    0.0000000    0.0000000  
  439    0    0.0000000     0.0000000    0.0000000    0.0000000  
  440    0    0.0000000     0.0000000    0.0000000    0.0000000  
  441    0    0.0000000     0.0000000    0.0000000    0.0000000  
  442    0    0.0000000     0.0000000    0.0000000    0.0000000  
  443    0    0.0000000     0.0000000    0.0000000    0.0000000  
  444    0    0.0000000     0.0000000    0.0000000    0.0000000  
  445    0    0.0000000     0.0000000    0.0000000    0.0000000  
  446    0    0.0000000     0.0000000    0.0000000    0.0000000  
  447    0    0.0000000     0.0000000    0.0000000    0.0000000  
  448    0    0.0000000     0.0000000    0.0000000    0.0000000  
  449    0    0.0000000     0.0000000    0.0000000    0.0000000  
  450    0    0.0000000     0.0000000    0.0000000    0.0000000  
  451    0    0.0000000     0.0000000    0.0000000    0.0000000  
  452    0    0.0000000     0.0000000    0.0000000    0.0000000  
  453    0    0.0000000     0.0000000    0.0000000    0.0000000  
  454    0    0.0000000     0.0000000    0.0000000    0.0000000  
  455    0    0.0000000     0.0000000    0.0000000    0.0000000  
  456    0    0.0000000     0.0000000    0.0000000    0.0000000  
  457    0    0.0000000     0.0000000    0.0000000    0.0000000  
  458    0    0.0000000     0.0000000    0.0000000    0.0000000  
  459    0    0.0000000     0.0000000    0.0000000    0.0000000  
  460    0    0.0000000     0.0000000    0.0000000    0.0000000  
  461    0    0.0000000     0.0000000    0.0000000    0.0000000  
  462    0    0.0000000     0.0000000    0.0000000    0.0000000  
  463    0    0.0000000     0.0000000    0.0000000    0.0000000  
  464    0    0.0000000     0.0000000    0.0000000    0.0000000  
  465    0    0.0000000     0.0000000    0.0000000    0.0000000  
  466    0    0.0000000     0.0000000    0.0000000    0.0000000  
  467    0    0.0000000     0.0000000    0.0000000    0.0000000  
  468    0    0.0000000     0.0000000    0.0000000    0.0000000  
  469    0    0.0000000     0.0000000    0.0000000    0.0000000  
  470    0    0.0000000     0.0000000    0.0000000    0.0000000  
  471    0    0.0000000     0.0000000    0.0000000    0.0000000  
  472    0    0.0000000     0.0000000    0.0000000    0.0000000  
  473    0    0.0000000     0.0000000    0.0000000    0.0000000  
  474    0    0.0000000     0.0000000    0.0000000    0.0000000  
  475    0    0.0000000     0.0000000    0.0000000    0.0000000  
  476    0    0.0000000     0.0000000    0.0000000    0.0000000  
  477    0    0.0000000     0.0000000    0.0000000    0.0000000  
  478    0    0.0000000     0.0000000    0.0000000    0.0000000  
  479    0    0.0000000     0.0000000    0.0000000    0.0000000  
  480    0    0.0000000     0.0000000    0.0000000    0.0000000  
  481    0    0.0000000     0.0000000    0.0000000    0.0000000  
  482    0    0.0000000     0.0000000    0.0000000    0.0000000  
  483    0    0.0000000     0.0000000    0.0000000    0.0000000  
  484    0    0.0000000     0.0000000    0.0000000    0.0000000  
  485    0    0.0000000     0.0000000    0.0000000    0.0000000  
  486    0    0.0000000     0.0000000    0.0000000    0.0000000  
  487    0    0.0000000     0.0000000    0.0000000    0.0000000  
  488    0    0.0000000     0.0000000    0.0000000    0.0000000  
  489    0    0.0000000     0.0000000    0.0000000    0.0000000  
  490    0    0.0000000     0.0000000    0.0000000    0.0000000  
  491    0    0.0000000     0.0000000    0.0000000    0.0000000  
  492    0    0.0000000     0.0000000    0.0000000    0.0000000  
  493    0    0.0000000     0.0000000    0.0000000    0.0000000  
  494    0    0.0000000     0.0000000    0.0000000    0.0000000  
  495    0    0.0000000     0.0000000    0.0000000    0.0000000  
  496    0    0.0000000     0.0000000    0.0000000    0.0000000  
  497    0    0.0000000     0.0000000    0.0000000    0.0000000  
  498    0    0.0000000     0.0000000    0.0000000    0.0000000  
  499    0    0.0000000     0.0000000    0.0000000    0.0000000  
  500    0    0.0000000     0.0000000    0.0000000    0.0000000  
  501    0    0.0000000     0.0000000    0.0000000    0.0000000  
  502    0    0.0000000     0.0000000    0.0000000    0.0000000  
  503    0    0.0000000     0.0000000    0.0000000    0.0000000  
  504    0    0.0000000     0.0000000    0.0000000    0.0000000  
  505    0    0.0000000     0.0000000    0.0000000    0.0000000  
  506    0    0.0000000     0.0000000    0.0000000    0.0000000  
  507    0    0.0000000     0.0000000    0.0000000    0.0000000  
  508    0    0.0000000     0.0000000    0.0000000    0.0000000  
  509    0    0.0000000     0.0000000    0.0000000    0.0000000  
  510    0    0.0000000     0.0000000    0.0000000    0.0000000  
  511    0    0.0000000     0.0000000    0.0000000    0.0000000  
  512    0    0.0000000     0.0000000    0.0000000    0.0000000  
  513    0    0.0000000     0.0000000    0.0000000    0.0000000  
  514    0    0.0000000     0.0000000    0.0000000    0.0000000  
  515    0    0.0000000     0.0000000    0.0000000    0.0000000  
  516    0    0.0000000     0.0000000    0.0000000    0.0000000  
  517    0    0.0000000     0.0000000    0.0000000    0.0000000  
  518    0    0.0000000     0.0000000    0.0000000    0.0000000  
  519    0    0.0000000     0.0000000    0.0000000    0.0000000  
  520    0    0.0000000     0.0000000    0.0000000    0.0000000  
  521    0    0.0000000     0.0000000    0.0000000    0.0000000  
  522    0    0.0000000     0.0000000    0.0000000    0.0000000  
  523    0    0.0000000     0.0000000    0.0000000    0.0000000  
  524    0    0.0000000     0.0000000    0.0000000    0.0000000  
  525    0    0.0000000     0.0000000    0.0000000    0.0000000  
  526    0    0.0000000     0.0000000    0.0000000    0.0000000  
  527    0    0.0000000     0.0000000    0.0000000    0.0000000  
  528    0    0.0000000     0.0000000    0.0000000    0.0000000  
  529    0    0.0000000     0.0000000    0.0000000    0.0000000  
  530    0    0.0000000     0.0000000    0.0000000    0.0000000  
  531    0    0.0000000     0.0000000    0.0000000    0.0000000  
  532    0    0.0000000     0.0000000    0.0000000    0.0000000  
  533    0    0.0000000     0.0000000    0.0000000    0.0000000  
  534    0    0.0000000     0.0000000    0.0000000    0.0000000  
  535    0    0.0000000     0.0000000    0.0000000    0.0000000  
  536    0    0.0000000     0.0000000    0.0000000    0.0000000  
  537    0    0.0000000     0.0000000    0.0000000    0.0000000  
  538    0    0.0000000     0.0000000    0.0000000    0.0000000  
  539    0    0.0000000     0.0000000    0.0000000    0.0000000  
  540    0    0.0000000     0.0000000    0.0000000    0.0000000  
  541    0    0.0000000     0.0000000    0.0000000    0.0000000  
  542    0    0.0000000     0.0000000    0.0000000    0.0000000  
  543    0    0.0000000     0.0000000    0.0000000    0.0000000  
  544    0    0.0000000     0.0000000    0.0000000    0.0000000  
  545    0    0.0000000     0.0000000    0.0000000    0.0000000  
  546    0    0.0000000     0.0000000    0.0000000    0.0000000  
  547    0    0.0000000     0.0000000    0.0000000    0.0000000  
  548    0    0.0000000     0.0000000    0.0000000    0.0000000  
  549    0    0.0000000     0.0000000    0.0000000    0.0000000  
  550    0    0.0000000     0.0000000    0.0000000    0.0000000  
  551    0    0.0000000     0.0000000    0.0000000    0.0000000  
  552    0    0.0000000     0.0000000    0.0000000    0.0000000  
  553    0    0.0000000     0.0000000    0.0000000    0.0000000  
  554    0    0.0000000     0.0000000    0.0000000    0.0000000  
  555    0    0.0000000     0.0000000    0.0000000    0.0000000  
  556    0    0.0000000     0.0000000    0.0000000    0.0000000  
  557    0    0.0000000     0.0000000    0.0000000    0.0000000  
  558    0    0.0000000     0.0000000    0.0000000    0.0000000  
  559    0    0.0000000     0.0000000    0.0000000    0.0000000  
  560    0    0.0000000     0.0000000    0.0000000    0.0000000  
  561    0    0.0000000     0.0000000    0.0000000    0.0000000  
  562    0    0.0000000     0.0000000    0.0000000    0.0000000  
  563    0    0.0000000     0.0000000    0.0000000    0.0000000  
  564    0    0.0000000     0.0000000    0.0000000    0.0000000  
  565    0    0.0000000     0.0000000    0.0000000    0.0000000  
  566    0    0.0000000     0.0000000    0.0000000    0.0000000  
  567    0    0.0000000     0.0000000    0.0000000    0.0000000  
  568    0    0.0000000     0.0000000    0.0000000    0.0000000  
  569    0    0.0000000     0.0000000    0.0000000    0.0000000  
  570    0    0.0000000     0.0000000    0.0000000    0.0000000  
  571    0    0.0000000     0.0000000    0.0000000    0.0000000  
  572    0    0.0000000     0.0000000    0.0000000    0.0000000  
  573    0    0.0000000     0.0000000    0.0000000    0.0000000  
  574    0    0.0000000     0.0000000    0.0000000    0.0000000  
  575    0    0.0000000     0.0000000    0.0000000    0.0000000  
  576    0    0.0000000     0.0000000    0.0000000    0.0000000  
  577    0    0.0000000     0.0000000    0.0000000    0.0000000  
  578    0    0.0000000     0.0000000    0.0000000    0.0000000  
  579    0    0.0000000     0.0000000    0.0000000    0.0000000  
  580    0    0.0000000     0.0000000    0.0000000    0.0000000  
  581    0    0.0000000     0.0000000    0.0000000    0.0000000  
  582    0    0.0000000     0.0000000    0.0000000    0.0000000  
  583    0    0.0000000     0.0000000    0.0000000    0.0000000  
  584    0    0.0000000     0.0000000    0.0000000    0.0000000  
  585    0    0.0000000     0.0000000    0.0000000    0.0000000  
  586    0    0.0000000     0.0000000    0.0000000    0.0000000  
  587    0    0.0000000     0.0000000    0.0000000    0.0000000  
  588    0    0.0000000     0.0000000    0.0000000    0.0000000  
  589    0    0.0000000     0.0000000    0.0000000    0.0000000  
  590    0    0.0000000     0.0000000    0.0000000    0.0000000  
  591    0    0.0000000     0.0000000    0.0000000    0.0000000  
  592    0    0.0000000     0.0000000    0.0000000    0.0000000  
  593    0    0.0000000     0.0000000    0.0000000    0.0000000  
  594    0    0.0000000     0.0000000    0.0000000    0.0000000  
  595    0    0.0000000     0.0000000    0.0000000    0.0000000  
  596    0    0.0000000     0.0000000    0.0000000    0.0000000  
  597    0    0.0000000     0.0000000    0.0000000    0.0000000  
  598    0    0.0000000     0.0000000    0.0000000    0.0000000  
  599    0    0.0000000     0.0000000    0.0000000    0.0000000  
  600    0    0.0000000     0.0000000    0.0000000    0.0000000  
  601    0    0.0000000     0.0000000    0.0000000    0.0000000  
  602    0    0.0000000     0.0000000    0.0000000    0.0000000  
  603    0    0.0000000     0.0000000    0.0000000    0.0000000  
  604    0    0.0000000     0.0000000    0.0000000    0.0000000  
  605    0    0.0000000     0.0000000    0.0000000    0.0000000  
  606    0    0.0000000     0.0000000    0.0000000    0.0000000  
  607    0    0.0000000     0.0000000    0.0000000    0.0000000  
  608    0    0.0000000     0.0000000    0.0000000    0.0000000  
  609    0    0.0000000     0.0000000    0.0000000    0.0000000  
  610    0    0.0000000     0.0000000    0.0000000    0.0000000  
  611    0    0.0000000     0.0000000    0.0000000    0.0000000  
  612    0    0.0000000     0.0000000    0.0000000    0.0000000  
  613    0    0.0000000     0.0000000    0.0000000    0.0000000  
  614    0    0.0000000     0.0000000    0.0000000    0.0000000  
  615    0    0.0000000     0.0000000    0.0000000    0.0000000  
  616    0    0.0000000     0.0000000    0.0000000    0.0000000  
  617    0    0.0000000     0.0000000    0.0000000    0.0000000  
  618    0    0.0000000     0.0000000    0.0000000    0.0000000  
  619    0    0.0000000     0.0000000    0.0000000    0.0000000  
  620    0    0.0000000     0.0000000    0.0000000    0.0000000  
  621    0    0.0000000     0.0000000    0.0000000    0.0000000  
  622    0    0.0000000     0.0000000    0.0000000    0.0000000  
  623    0    0.0000000     0.0000000    0.0000000    0.0000000  
  624    0    0.0000000     0.0000000    0.0000000    0.0000000  
  625    0    0.0000000     0.0000000    0.0000000    0.0000000  
  626    0    0.0000000     0.0000000    0.0000000    0.0000000  
  627    0    0.0000000     0.0000000    0.0000000    0.0000000  
  628    0    0.0000000     0.0000000    0.0000000    0.0000000  
  629    0    0.0000000     0.0000000    0.0000000    0.0000000  
  630    0    0.0000000     0.0000000    0.0000000    0.0000000  
  631    0    0.0000000     0.0000000    0.0000000    0.0000000  
  632    0    0.0000000     0.0000000    0.0000000    0.0000000  
  633    0    0.0000000     0.0000000    0.0000000    0.0000000  
  634    0    0.0000000     0.0000000    0.0000000    0.0000000  
  635    0    0.0000000     0.0000000    0.0000000    0.0000000  
  636    0    0.0000000     0.0000000    0.0000000    0.0000000  
  637    0    0.0000000     0.0000000    0.0000000    0.0000000  
  638    0    0.0000000     0.0000000    0.0000000    0.0000000  
  639    0    0.0000000     0.0000000    0.0000000    0.0000000  
  640    0    0.0000000     0.0000000    0.0000000    0.0000000  
  641    0    0.0000000     0.0000000    0.0000000    0.0000000  
  642    0    0.0000000     0.0000000    0.0000000    0.0000000  
  643    0    0.0000000     0.0000000    0.0000000    0.0000000  
  644    0    0.0000000     0.0000000    0.0000000    0.0000000  
  645    0    0.0000000     0.0000000    0.0000000    0.0000000  
  646    0    0.0000000     0.0000000    0.0000000    0.0000000  
  647    0    0.0000000     0.0000000    0.0000000    0.0000000  
  648    0    0.0000000     0.0000000    0.0000000    0.0000000  
  649    0    0.0000000     0.0000000    0.0000000    0.0000000  
  650    0    0.0000000     0.0000000    0.0000000    0.0000000  
  651    0    0.0000000     0.0000000    0.0000000    0.0000000  
  652    0    0.0000000     0.0000000    0.0000000    0.0000000  
  653    0    0.0000000     0.0000000    0.0000000    0.0000000  
  654    0    0.0000000     0.0000000    0.0000000    0.0000000  
  655    0    0.0000000     0.0000000    0.0000000    0.0000000  
  656    0    0.0000000     0.0000000    0.0000000    0.0000000  
  657    0    0.0000000     0.0000000    0.0000000    0.0000000  
  658    0    0.0000000     0.0000000    0.0000000    0.0000000  
  659    0    0.0000000     0.0000000    0.0000000    0.0000000  
  660    0    0.0000000     0.0000000    0.0000000    0.0000000  
  661    0    0.0000000     0.0000000    0.0000000    0.0000000  
  662    0    0.0000000     0.0000000    0.0000000    0.0000000  
  663    0    0.0000000     0.0000000    0.0000000    0.0000000  
  664    0    0.0000000     0.0000000    0.0000000    0.0000000  
  665    0    0.0000000     0.0000000    0.0000000    0.0000000  
  666    0    0.0000000     0.0000000    0.0000000    0.0000000  
  667    0    0.0000000     0.0000000    0.0000000    0.0000000  
  668    0    0.0000000     0.0000000    0.0000000    0.0000000  
  669    0    0.0000000     0.0000000    0.0000000    0.0000000  
  670    0    0.0000000     0.0000000    0.0000000    0.0000000  
  671    0    0.0000000     0.0000000    0.0000000    0.0000000  
  672    0    0.0000000     0.0000000    0.0000000    0.0000000  
  673    0    0.0000000     0.0000000    0.0000000    0.0000000  
  674    0    0.0000000     0.0000000    0.0000000    0.0000000  
  675    0    0.0000000     0.0000000    0.0000000    0.0000000  
  676    0    0.0000000     0.0000000    0.0000000    0.0000000  
  677    0    0.0000000     0.0000000    0.0000000    0.0000000  
  678    0    0.0000000     0.0000000    0.0000000    0.0000000  
  679    0    0.0000000     0.0000000    0.0000000    0.0000000  
  680    0    0.0000000     0.0000000    0.0000000    0.0000000  
  681    0    0.0000000     0.0000000    0.0000000    0.0000000  
  682    0    0.0000000     0.0000000    0.0000000    0.0000000  
  683    0    0.0000000     0.0000000    0.0000000    0.0000000  
  684    0    0.0000000     0.0000000    0.0000000    0.0000000  
  685    0    0.0000000     0.0000000    0.0000000    0.0000000  
  686    0    0.0000000     0.0000000    0.0000000    0.0000000  
  687    0    0.0000000     0.0000000    0.0000000    0.0000000  
  688    0    0.0000000     0.0000000    0.0000000    0.0000000  
  689    0    0.0000000     0.0000000    0.0000000    0.0000000  
  690    0    0.0000000     0.0000000    0.0000000    0.0000000  
  691    0    0.0000000     0.0000000    0.0000000    0.0000000  
  692    0    0.0000000     0.0000000    0.0000000    0.0000000  
  693    0    0.0000000     0.0000000    0.0000000    0.0000000  
  694    0    0.0000000     0.0000000    0.0000000    0.0000000  
  695    0    0.0000000     0.0000000    0.0000000    0.0000000  
  696    0    0.0000000     0.0000000    0.0000000    0.0000000  
  697    0    0.0000000     0.0000000    0.0000000    0.0000000  
  698    0    0.0000000     0.0000000    0.0000000    0.0000000  
  699    0    0.0000000     0.0000000    0.0000000    0.0000000  
  700    0    0.0000000     0.0000000    0.0000000    0.0000000  
  701    0    0.0000000     0.0000000    0.0000000    0.0000000  
  702    0    0.0000000     0.0000000    0.0000000    0.0000000  
  703    0    0.0000000     0.0000000    0.0000000    0.0000000  
  704    0    0.0000000     0.0000000    0.0000000    0.0000000  
  705    0    0.0000000     0.0000000    0.0000000    0.0000000  
  706    0    0.0000000     0.0000000    0.0000000    0.0000000  
  707    0    0.0000000     0.0000000    0.0000000    0.0000000  
  708    0    0.0000000     0.0000000    0.0000000    0.0000000  
  709    0    0.0000000     0.0000000    0.0000000    0.0000000  
  710    0    0.0000000     0.0000000    0.0000000    0.0000000  
  711    0    0.0000000     0.0000000    0.0000000    0.0000000  
  712    0    0.0000000     0.0000000    0.0000000    0.0000000  
  713    0    0.0000000     0.0000000    0.0000000    0.0000000  
  714    0    0.0000000     0.0000000    0.0000000    0.0000000  
  715    0    0.0000000     0.0000000    0.0000000    0.0000000  
  716    0    0.0000000     0.0000000    0.0000000    0.0000000  
  717    0    0.0000000     0.0000000    0.0000000    0.0000000  
  718    0    0.0000000     0.0000000    0.0000000    0.0000000  
  719    0    0.0000000     0.0000000    0.0000000    0.0000000  
  720    0    0.0000000     0.0000000    0.0000000    0.0000000  
  721    0    0.0000000     0.0000000    0.0000000    0.0000000  
  722    0    0.0000000     0.0000000    0.0000000    0.0000000  
  723    0    0.0000000     0.0000000    0.0000000    0.0000000  
  724    0    0.0000000     0.0000000    0.0000000    0.0000000  
  725    0    0.0000000     0.0000000    0.0000000    0.0000000  
  726    0    0.0000000     0.0000000    0.0000000    0.0000000  
  727    0    0.0000000     0.0000000    0.0000000    0.0000000  
  728    0    0.0000000     0.0000000    0.0000000    0.0000000  
  729    0    0.0000000     0.0000000    0.0000000    0.0000000  
  730    0    0.0000000     0.0000000    0.0000000    0.0000000  
  731    0    0.0000000     0.0000000    0.0000000    0.0000000  
  732    0    0.0000000     0.0000000    0.0000000    0.0000000  
  733    0    0.0000000     0.0000000    0.0000000    0.0000000  
  734    0    0.0000000     0.0000000    0.0000000    0.0000000  
  735    0    0.0000000     0.0000000    0.0000000    0.0000000  
  736    0    0.0000000     0.0000000    0.0000000    0.0000000  
  737    0    0.0000000     0.0000000    0.0000000    0.0000000  
  738    0    0.0000000     0.0000000    0.0000000    0.0000000  
  739    0    0.0000000     0.0000000    0.0000000    0.0000000  
  740    0    0.0000000     0.0000000    0.0000000    0.0000000  
  741    0    0.0000000     0.0000000    0.0000000    0.0000000  
  742    0    0.0000000     0.0000000    0.0000000    0.0000000  
  743    0    0.0000000     0.0000000    0.0000000    0.0000000  
  744    0    0.0000000     0.0000000    0.0000000    0.0000000  
  745    0    0.0000000     0.0000000    0.0000000    0.0000000  
  746    0    0.0000000     0.0000000    0.0000000    0.0000000  
  747    0    0.0000000     0.0000000    0.0000000    0.0000000  
  748    0    0.0000000     0.0000000    0.0000000    0.0000000  
  749    0    0.0000000     0.0000000    0.0000000    0.0000000  
  750    0    0.0000000     0.0000000    0.0000000    0.0000000  
  751    0    0.0000000     0.0000000    0.0000000    0.0000000  
  752    0    0.0000000     0.0000000    0.0000000    0.0000000  
  753    0    0.0000000     0.0000000    0.0000000    0.0000000  
  754    0    0.0000000     0.0000000    0.0000000    0.0000000  
  755    0    0.0000000     0.0000000    0.0000000    0.0000000  
  756    0    0.0000000     0.0000000    0.0000000    0.0000000  
  757    0    0.0000000     0.0000000    0.0000000    0.0000000  
  758    0    0.0000000     0.0000000    0.0000000    0.0000000  
  759    0    0.0000000     0.0000000    0.0000000    0.0000000  
  760    0    0.0000000     0.0000000    0.0000000    0.0000000  
  761    0    0.0000000     0.0000000    0.0000000    0.0000000  
  762    0    0.0000000     0.0000000    0.0000000    0.0000000  
  763    0    0.0000000     0.0000000    0.0000000    0.0000000  
  764    0    0.0000000     0.0000000    0.0000000    0.0000000  
  765    0    0.0000000     0.0000000    0.0000000    0.0000000  
  766    0    0.0000000     0.0000000    0.0000000    0.0000000  
  767    0    0.0000000     0.0000000    0.0000000    0.0000000  
  768    0    0.0000000     0.0000000    0.0000000    0.0000000  
  769    0    0.0000000     0.0000000    0.0000000    0.0000000  
  770    0    0.0000000     0.0000000    0.0000000    0.0000000  
  771    0    0.0000000     0.0000000    0.0000000    0.0000000  
  772    0    0.0000000     0.0000000    0.0000000    0.0000000  
  773    0    0.0000000     0.0000000    0.0000000    0.0000000  
  774    0    0.0000000     0.0000000    0.0000000    0.0000000  
  775    0    0.0000000     0.0000000    0.0000000    0.0000000  
  776    0    0.0000000     0.0000000    0.0000000    0.0000000  
  777    0    0.0000000     0.0000000    0.0000000    0.0000000  
  778    0    0.0000000     0.0000000    0.0000000    0.0000000  
  779    0    0.0000000     0.0000000    0.0000000    0.0000000  
  780    0    0.0000000     0.0000000    0.0000000    0.0000000  
  781    0    0.0000000     0.0000000    0.0000000    0.0000000  
  782    0    0.0000000     0.0000000    0.0000000    0.0000000  
  783    0    0.0000000     0.0000000    0.0000000    0.0000000  
  784    0    0.0000000     0.0000000    0.0000000    0.0000000  
  785    0    0.0000000     0.0000000    0.0000000    0.0000000  
  786    0    0.0000000     0.0000000    0.0000000    0.0000000  
  787    0    0.0000000     0.0000000    0.0000000    0.0000000  
  788    0    0.0000000     0.0000000    0.0000000    0.0000000  
  789    0    0.0000000     0.0000000    0.0000000    0.0000000  
  790    0    0.0000000     0.0000000    0.0000000    0.0000000  
  791    0    0.0000000     0.0000000    0.0000000    0.0000000  
  792    0    0.0000000     0.0000000    0.0000000    0.0000000  
  793    0    0.0000000     0.0000000    0.0000000    0.0000000  
  794    0    0.0000000     0.0000000    0.0000000    0.0000000  
  795    0    0.0000000     0.0000000    0.0000000    0.0000000  
  796    0    0.0000000     0.0000000    0.0000000    0.0000000  
  797    0    0.0000000     0.0000000    0.0000000    0.0000000  
  798    0    0.0000000     0.0000000    0.0000000    0.0000000  
  799    0    0.0000000     0.0000000    0.0000000    0.0000000  
  800    0    0.0000000     0.0000000    0.0000000    0.0000000  
  801    0    0.0000000     0.0000000    0.0000000    0.0000000  
  802    0    0.0000000     0.0000000    0.0000000    0.0000000  
  803    0    0.0000000     0.0000000    0.0000000    0.0000000  
  804    0    0.0000000     0.0000000    0.0000000    0.0000000  
  805    0    0.0000000     0.0000000    0.0000000    0.0000000  
  806    0    0.0000000     0.0000000    0.0000000    0.0000000  
  807    0    0.0000000     0.0000000    0.0000000    0.0000000  
  808    0    0.0000000     0.0000000    0.0000000    0.0000000  
  809    0    0.0000000     0.0000000    0.0000000    0.0000000  
  810    0    0.0000000     0.0000000    0.0000000    0.0000000  
  811    0    0.0000000     0.0000000    0.0000000    0.0000000  
  812    0    0.0000000     0.0000000    0.0000000    0.0000000  
  813    0    0.0000000     0.0000000    0.0000000    0.0000000  
  814    0    0.0000000     0.0000000    0.0000000    0.0000000  
  815    0    0.0000000     0.0000000    0.0000000    0.0000000  
  816    0    0.0000000     0.0000000    0.0000000    0.0000000  
  817    0    0.0000000     0.0000000    0.0000000    0.0000000  
  818    0    0.0000000     0.0000000    0.0000000    0.0000000  
  819    0    0.0000000     0.0000000    0.0000000    0.0000000  
  820    0    0.0000000     0.0000000    0.0000000    0.0000000  
  821    0    0.0000000     0.0000000    0.0000000    0.0000000  
  822    0    0.0000000     0.0000000    0.0000000    0.0000000  
  823    0    0.0000000     0.0000000    0.0000000    0.0000000  
  824    0    0.0000000     0.0000000    0.0000000    0.0000000  
  825    0    0.0000000     0.0000000    0.0000000    0.0000000  
  826    0    0.0000000     0.0000000    0.0000000    0.0000000  
  827    0    0.0000000     0.0000000    0.0000000    0.0000000  
  828    0    0.0000000     0.0000000    0.0000000    0.0000000  
  829    0    0.0000000     0.0000000    0.0000000    0.0000000  
  830    0    0.0000000     0.0000000    0.0000000    0.0000000  
  831    0    0.0000000     0.0000000    0.0000000    0.0000000  
  832    0    0.0000000     0.0000000    0.0000000    0.0000000  
  833    0    0.0000000     0.0000000    0.0000000    0.0000000  
  834    0    0.0000000     0.0000000    0.0000000    0.0000000  
  835    0    0.0000000     0.0000000    0.0000000    0.0000000  
  836    0    0.0000000     0.0000000    0.0000000    0.0000000  
  837    0    0.0000000     0.0000000    0.0000000    0.0000000  
  838    0    0.0000000     0.0000000    0.0000000    0.0000000  
  839    0    0.0000000     0.0000000    0.0000000    0.0000000  
  840    0    0.0000000     0.0000000    0.0000000    0.0000000  
  841    0    0.0000000     0.0000000    0.0000000    0.0000000  
  842    0    0.0000000     0.0000000    0.0000000    0.0000000  
  843    0    0.0000000     0.0000000    0.0000000    0.0000000  
  844    0    0.0000000     0.0000000    0.0000000    0.0000000  
  845    0    0.0000000     0.0000000    0.0000000    0.0000000  
  846    0    0.0000000     0.0000000    0.0000000    0.0000000  
  847    0    0.0000000     0.0000000    0.0000000    0.0000000  
  848    0    0.0000000     0.0000000    0.0000000    0.0000000  
  849    0    0.0000000     0.0000000    0.0000000    0.0000000  
  850    0    0.0000000     0.0000000    0.0000000    0.0000000  
  851    0    0.0000000     0.0000000    0.0000000    0.0000000  
  852    0    0.0000000     0.0000000    0.0000000    0.0000000  
  853    0    0.0000000     0.0000000    0.0000000    0.0000000  
  854    0    0.0000000     0.0000000    0.0000000    0.0000000  
  855    0    0.0000000     0.0000000    0.0000000    0.0000000  
  856    0    0.0000000     0.0000000    0.0000000    0.0000000  
  857    0    0.0000000     0.0000000    0.0000000    0.0000000  
  858    0    0.0000000     0.0000000    0.0000000    0.0000000  
  859    0    0.0000000     0.0000000    0.0000000    0.0000000  
  860    0    0.0000000     0.0000000    0.0000000    0.0000000  
  861    0    0.0000000     0.0000000    0.0000000    0.0000000  
  862    0    0.0000000     0.0000000    0.0000000    0.0000000  
  863    0    0.0000000     0.0000000    0.0000000    0.0000000  
  864    0    0.0000000     0.0000000    0.0000000    0.0000000  
  865    0    0.0000000     0.0000000    0.0000000    0.0000000  
  866    0    0.0000000     0.0000000    0.0000000    0.0000000  
  867    0    0.0000000     0.0000000    0.0000000    0.0000000  
  868    0    0.0000000     0.0000000    0.0000000    0.0000000  
  869    0    0.0000000     0.0000000    0.0000000    0.0000000  
  870    0    0.0000000     0.0000000    0.0000000    0.0000000  
  871    0    0.0000000     0.0000000    0.0000000    0.0000000  
  872    0    0.0000000     0.0000000    0.0000000    0.0000000  
  873    0    0.0000000     0.0000000    0.0000000    0.0000000  
  874    0    0.0000000     0.0000000    0.0000000    0.0000000  
  875    0    0.0000000     0.0000000    0.0000000    0.0000000  
  876    0    0.0000000     0.0000000    0.0000000    0.0000000  
  877    0    0.0000000     0.0000000    0.0000000    0.0000000  
  878    0    0.0000000     0.0000000    0.0000000    0.0000000  
  879    0    0.0000000     0.0000000    0.0000000    0.0000000  
  880    0    0.0000000     0.0000000    0.0000000    0.0000000  
  881    0    0.0000000     0.0000000    0.0000000    0.0000000  
  882    0    0.0000000     0.0000000    0.0000000    0.0000000  
  883    0    0.0000000     0.0000000    0.0000000    0.0000000  
  884    0    0.0000000     0.0000000    0.0000000    0.0000000  
  885    0    0.0000000     0.0000000    0.0000000    0.0000000  
  886    0    0.0000000     0.0000000    0.0000000    0.0000000  
  887    0    0.0000000     0.0000000    0.0000000    0.0000000  
  888    0    0.0000000     0.0000000    0.0000000    0.0000000  
  889    0    0.0000000     0.0000000    0.0000000    0.0000000  
  890    0    0.0000000     0.0000000    0.0000000    0.0000000  
  891    0    0.0000000     0.0000000    0.0000000    0.0000000  
  892    0    0.0000000     0.0000000    0.0000000    0.0000000  
  893    0    0.0000000     0.0000000    0.0000000    0.0000000  
  894    0    0.0000000     0.0000000    0.0000000    0.0000000  
  895    0    0.0000000     0.0000000    0.0000000    0.0000000  
  896    0    0.0000000     0.0000000    0.0000000    0.0000000  
  897    0    0.0000000     0.0000000    0.0000000    0.0000000  
  898    0    0.0000000     0.0000000    0.0000000    0.0000000  
  899    0    0.0000000     0.0000000    0.0000000    0.0000000  
  900    0    0.0000000     0.0000000    0.0000000    0.0000000  
  901    0    0.0000000     0.0000000    0.0000000    0.0000000  
  902    0    0.0000000     0.0000000    0.0000000    0.0000000  
  903    0    0.0000000     0.0000000    0.0000000    0.0000000  
  904    0    0.0000000     0.0000000    0.0000000    0.0000000  
  905    0    0.0000000     0.0000000    0.0000000    0.0000000  
  906    0    0.0000000     0.0000000    0.0000000    0.0000000  
  907    0    0.0000000     0.0000000    0.0000000    0.0000000  
  908    0    0.0000000     0.0000000    0.0000000    0.0000000  
  909    0    0.0000000     0.0000000    0.0000000    0.0000000  
  910    0    0.0000000     0.0000000    0.0000000    0.0000000  
  911    0    0.0000000     0.0000000    0.0000000    0.0000000  
  912    0 -252.8392986   215.2991222   -0.6205171   -0.2798126  
  913    0  268.2671090   353.8064608    0.0269622    0.1284108  
  914    0  401.7816461  -253.5898423   -0.5311275    0.5494141  
  915    0 -190.5342088  -372.0173686    1.1599267    0.2149223  
  916    0 -262.9451655   112.0971997   -0.3259347   -0.7392600  
  917    0   52.0081507    98.3008364   -0.0720527    0.1661371  
  918    0  -79.3491927   -32.0722356    0.0182221    0.0131031  
  919    0  -54.4389794   221.6509646   -0.0798412   -0.4643767  
  920    0  289.7279857   101.5467616   -0.7058284    0.6168992  
  921    0  143.6816578  -266.5050307    0.8024944    0.3128685  
  922    0 -161.9095910  -151.3050303   -0.0010727   -0.3389593  
  923    0 -107.5477964     9.2111407    0.0410373    0.0043155  
  924    0 -146.1940091    16.1734459    0.2740050   -0.1641338  
  925    0  -98.0823137   261.6584909   -0.5624843   -0.6892516  
  926    0  310.7078342   197.1472094   -0.5258959    0.9963870  
  927    0  242.6761667  -290.4722626    0.7034889    0.0104834  
  928    0 -220.7405732  -209.9755135   -0.0000000    0.0000000  
  929    0  -97.8085159   135.2209492    0.1021375   -0.2965598  
  930    0   68.3273255   -69.5373381    0.0309652    0.3061062  
  931    0 -248.8772154   -42.3406484    0.2428487   -0.8286101  
  932    0  -59.5849197   391.3707574   -0.9816415    0.3068566  
  933    0  457.9628786   102.3906297    0.3212639    0.3128900  
  934    0  140.7652535  -431.7976776   -0.1377942    0.4316543  
  935    0 -323.3894465  -144.8749038    0.9392703   -0.1296718  
  936    0  -97.6727427   166.8165256   -0.3773903   -0.5826462  
  937    0    8.2900950     2.9251563   -0.0080525    0.0296043  
  938    0 -114.4777664   108.9404286   -0.3731863   -0.0767065  
  939    0  158.1646324   216.2639024    0.0343514    0.1731868  
  940    0  263.9800484  -136.6849762   -0.3243647    0.2050258  
  941    0  -64.7932816  -233.0262728    0.5423953    0.4552561  
  942    0 -122.4959274   -23.1344861    0.2883535   -0.3817969  
  943    0  -92.0484372   -42.8188511    0.1476606   -0.3567334  
  944    0 -219.1964691   119.2261055   -0.6108830   -0.3601204  
  945    0  102.1763265   357.4041654   -0.1146601    0.4284231  
  946    0  418.2880132   -58.6560614   -0.3174100    0.0267564  
  947    0  -18.8993675  -385.2546458    0.4487804    0.8782668  
  948    0 -269.4010762    13.0004235    0.6043874   -0.8346490  
  949    0   58.1700862   105.5672650   -0.4936906    0.1500200  
  950    0  -59.2938565  -150.6584980    0.5051044   -0.3655930  
  951    0 -265.4734964   181.4054349   -0.8160056   -0.2220774  
  952    0  233.8741011   364.2151556    0.0575767    0.3719421  
  953    0  408.3919999  -214.1917091   -0.4370859    0.2431008  
  954    0 -143.1334895  -373.5422341    0.8422358    0.7762962  
  955    0 -259.0918375    55.6986824    0.4968440   -0.9797212  
  956    0  -12.4765180    90.2948398   -0.3962231   -0.1651969  
  957    0  -88.6672133    38.2629221   -0.2317831   -0.3640723  
  958    0   19.0094013   228.2573748   -0.6319402    0.4841334  
  959    0  289.2957028    27.4608573    0.4259977    0.3514654  
  960    0   70.7106781  -255.4865846   -0.0000000   -0.0000000  
  961    0 -138.4969731   -80.4222989    0.2926250    0.1001471  
  962    0  -39.2366394   -26.1276629    0.1700411    0.0007752  
  963    0 -190.7741843   -49.1300200    0.7151057   -0.6162561  
  964    0 -159.6329586   311.2203981   -1.4170087   -1.2108314  
  965    0  360.4492373   253.8131523   -1.0466526    2.0177134  
  966    0  293.2067455  -336.1641749    1.8750082    0.4197599  
  967    0 -259.6083580  -253.5299637   -0.0834148   -1.0491505  
  968    0 -134.5391420   166.3633873   -0.2066047    0.1190120  
  969    0   92.6056107   -38.0972806   -0.0781380    0.0299250  
  970    0 -219.8188270   -61.8398928    0.6222858   -0.0240931  
  971    0  -76.8742979   360.8759305   -0.6764429   -1.4580323  
  972    0  422.1377984   119.8452370   -1.8763229    1.5576200  
  973    0  160.1557475  -387.6432415    2.0374277    1.6276196  
  974    0 -269.6173042  -167.3062960    0.9987683   -1.7255238  
  975    0 -123.8105846   104.2558094   -0.8027834   -0.4740976  
  976    0  -60.2478891    33.3395960   -0.2949254   -0.1342717  
  977    0  -79.0533688   179.3057681   -0.5487379    0.3123032  
  978    0  225.8324756   174.9130454    0.2188888    0.3475595  
  979    0  215.8629084  -197.7602770   -0.1144245    0.0914315  
  980    0 -116.7787706  -177.8306785    0.3693217    0.3661711  
  981    0  -60.8944097    19.0045185    0.1928057   -0.1911603  
  982    0  -58.8987012  -108.9164693    0.6805751    0.2351086  
  983    0 -286.7486764    93.0877409    0.5379183   -2.0489315  
  984    0   80.6065838   422.7355679   -3.3385755   -0.4386881  
  985    0  477.8734249   -39.3389585    0.0333265    3.9185553  
  986    0   -0.0035419  -436.5738589    3.4720538   -0.5805648  
  987    0 -311.6092143    -6.7551083   -0.8625591   -2.1774994  
  988    0   36.6604439   139.7714539   -0.6026681    0.7325613  
  989    0  -30.2444900  -126.6409951    0.3226690   -0.6055117  
  990    0 -238.1731545   153.5620979   -1.0450860    0.0663410  
  991    0  203.0799856   332.8724616    0.1825830    0.7236790  
  992    0  372.5132940  -176.9723278   -0.0000000   -0.0000000  
  993    0  -97.3490488  -333.2720261    0.2558896    0.6362844  
  994    0 -215.5435834     0.8094196    0.8143715   -0.2449213  
  995    0  -75.5527312    45.6692325    0.2720501   -0.4391474  
  996    0 -131.2859528   107.5975347    0.3006369   -1.2621873  
  997    0   92.2335510   265.4275981   -2.3877957   -1.0495996  
  998    0  317.9496749   -47.3473117   -1.4547276    3.1298635  
  999    0   -3.7435274  -273.6667752    3.0091470    1.3067975  
 1000    0 -145.8790896    -7.8230208    0.6047380   -1.8033542  
 1001    0   30.3417019   -28.0880857    0.3342237    0.4640958  
 1002    0 -199.1248900  -114.7078552    1.6016460   -2.9025944  
 1003    0 -220.3510421   322.1507254   -5.2135535   -2.4960212  
 1004    0  370.1064558   309.0246873   -2.9046656    6.6205570  
 1005    0  342.7171720  -341.4263743    6.7307014    2.7064038  
 1006    0 -258.6190685  -297.8898810    1.9195715   -5.5266494  
 1007    0 -175.2489397   158.7184867   -3.3619899   -0.6915075  
 1008    0   79.1954713     1.3978262    0.7338936    0.8390195  
 1009    0 -178.4673987   -44.4497702   -1.3839661   -2.0652573  
 1010    0  -57.7009178   314.5128922   -3.0241268    2.7896059  
 1011    0  368.1990004   101.0825826    3.1402054    3.4082000  
 1012    0  143.7457546  -324.7709554    3.1440970   -2.5192237  
 1013    0 -198.0346794  -154.8665918   -1.2703994   -2.3136360  
 1014    0 -116.6756459    25.7837142   -1.1406013   -0.1375155  
 1015    0 -142.5452377    32.6127749   -1.2705178   -0.0651057  
 1016    0  -72.5283638   261.7522061   -0.9945896    1.8592896  
 1017    0  304.8776598   160.6984355    1.8587594    1.4333550  
 1018    0  194.1549001  -270.6322410    1.3293280   -1.4235890  
 1019    0 -181.8988290  -149.6724035   -0.8164805   -0.8085989  
 1020    0  -28.2547430    76.0949604   -0.1283414    0.2898094  
 1021    0   -8.9876083  -143.2892568   -0.0108604   -0.4204300  
 1022    0 -319.7196693    48.7289404   -0.6260867    0.0836619  
 1023    0   39.7912766   451.3566945    0.0361534    0.4410082  
