    0    0 20400.0000000     0.0000000 20400.0000000    0.0000000  
    1    0 -3303.7319277  -17446.6895121    3.2263007   17.0377827  
    2    0 -10054.3071079  3949.4153921   19.6839087   -7.5929215  
    3    0 1085.7912141  1726.3467776   -3.0870464   -5.1147743  
    4    0 -4080.5038382  3790.5941331   16.4674705  -14.2049378  
    5    0 7905.5923235  5825.6772082  -36.7499568  -30.7302878  
    6    0 4364.6932168  -9083.7389670  -30.2980144   50.5491832  
    7    0 -7094.6550289  -1893.2329242   46.2623880   18.9964363  
    8    0 -264.6177754  3587.3356574    6.7851690  -27.0879131  
    9    0  788.0007037   -89.8357608   -6.8602616   -0.7394900  
   10    0    3.1889159    10.2848412   -0.0025407   -0.1034982  
   11    0 -900.6567109   477.8642201   10.5839587   -1.6031828  
   12    0 1746.2952856  2181.9269250   -8.4554783  -30.5541725  
   13    0 2609.7307191  -3044.2369737  -45.1324924   18.2096605  
   14    0 -3345.6270785  -1922.4856604   23.4038913   43.7856010  
   15    0 -785.3157489  2260.1791801   26.8370675  -18.0512949  
   16    0  378.1770804    56.0972707   -3.4132615   -4.1590711  
   17    0   47.3536503  1186.6696410   12.3025322  -12.0781291  
   18    0 1635.7504243  -377.8776780  -18.8530363  -16.2627410  
   19    0 -446.9329208  -1016.6723159   -9.8796807   13.4069783  
   20    0  -63.6110798    43.6421031    0.9772594    0.6188427  
   21    0 -456.4823879  -453.6900052   -4.5702430    8.3642282  
   22    0 -305.9823606   451.9075114    7.1172423    3.3662049  
   23    0 -315.1428200  -136.2367499   -1.8038999    4.3930722  
   24    0 -334.0980276  1487.8060796   18.6928296    6.6884014  
   25    0 2350.2122949    79.3440951    8.4302253  -26.8970259  
   26    0 -368.0902416  -2380.7242668  -24.9282259   -6.8985692  
   27    0 -1635.7781457   579.6359709   -3.8661897   15.6380916  
   28    0  386.3486250   662.8982730    5.7223517    1.2849970  
   29    0   46.4135626   -40.2856238    0.0734024   -0.3520527  
   30    0   24.7580787    19.5670080    0.1221107    0.0242893  
   31    0 -206.6409789   395.3071207   -0.1692393    0.8646794  
   32    0 1063.9610678   322.7490614   -0.0000000   -0.0000000  
   33    0  159.5144230  -1479.8180754   -0.5814848    2.7889194  
   34    0 -1284.5538326   102.6828819    4.6462140    1.0433422  
   35    0  151.3857645   553.6400866    0.7259089   -2.9361802  
   36    0 -268.6821025   131.1357312    1.8916160    0.5234806  
   37    0  538.2038077   721.0498817    2.0221449   -6.4517473  
   38    0  660.4097327  -719.7250180   -7.4159122   -2.6534558  
   39    0 -503.4779529  -312.3691822   -1.8393512    4.4794075  
   40    0  -24.7475340    64.1555695    0.4863781    0.2300397  
   41    0 -212.3983285   -38.8716318   -0.7274962    1.3314268  
   42    0    0.3193546    52.0460575    0.2557038    0.1619226  
   43    0 -476.2595044    93.2158694   -1.2253312    1.6628057  
   44    0  405.8706442  1014.9095361    2.0233146    1.7453232  
   45    0 1204.2264507  -767.7540925    0.5098640   -0.5005639  
   46    0 -897.9593657  -954.8197581    1.1956676    1.4569252  
   47    0 -484.2389785   665.6384932    2.2006760   -1.4802307  
   48    0  226.9110521   107.3209349   -0.5568570   -1.0418061  
   49    0  -23.2534075    89.3361225    0.4931081   -0.1989549  
   50    0   50.0396639     3.3825730   -0.0840491   -0.3037144  
   51    0   34.9584000   290.7753484    1.8003478   -0.2727039  
   52    0  640.3632074  -202.8661208   -0.0916103   -3.7317888  
   53    0 -382.0603561  -709.5399054   -3.4902557   -0.3762261  
   54    0 -440.5049505   357.0123300   -0.3757283    1.4999916  
   55    0   38.9373553    32.9674618    0.0394359    0.0161933  
   56    0 -239.1474339   422.1542592    0.2779681   -0.4637617  
   57    0  737.8772375   251.3174075   -1.7343927   -1.4502980  
   58    0  101.0260939  -711.0974389   -2.3426390    2.0207743  
   59    0 -396.4701904    18.2582205    1.0574353    1.7520122  
   60    0   12.8066028    53.9260689    0.2755636   -0.1062966  
   61    0  -63.4150825    28.3430733    0.0619288    0.3270400  
   62    0  -65.5999418   -94.3694712   -0.4145759   -0.0000000  
   63    0 -354.8814576   361.4749052   -0.1879064    0.9600532  
   64    0  727.5642373   486.1428811    0.0000000    0.0000000  
   65    0  392.0033286  -922.2779697   -1.0726238    1.5737442  
   66    0 -792.4310487  -172.8458239    1.9437567    2.0415915  
   67    0  -11.2710920   408.0967909    1.5620867   -0.9428049  
   68    0   15.2827047    -2.4590080   -0.0228672   -0.0692199  
   69    0   55.7819259   154.4049708    0.6778215   -0.0604660  
   70    0   56.1778755   -33.2048951    0.0274175   -0.1848336  
   71    0  136.1400547   154.9181037    0.2069093    0.0849619  
   72    0  271.8406247  -348.3315691   -0.2288726    0.3085989  
   73    0 -407.6882949  -209.9381028    0.7565308    0.9393336  
   74    0  -59.1980332   199.5494237    0.7328318   -0.3248420  
   75    0 -195.5377611   -19.8646952    0.1260077    0.8318826  
   76    0   47.3290556   549.6038713    2.0917888    0.2579975  
   77    0  659.3537353  -184.6474007    0.6848752   -1.6113264  
   78    0 -246.7273119  -497.7444765   -0.3238578   -0.2657832  
   79    0 -219.9650252   166.2969571    0.2729907   -0.1836205  
   80    0   28.1797612    25.5406468   -0.0313752   -0.1034301  
   81    0   -0.5550165     0.9069532    0.0040436    0.0000372  
   82    0 -174.2418593   -65.9871678   -0.2243116    0.6790008  
   83    0  -84.5087980   478.3196891    1.1448382    0.8436380  
   84    0  711.9563724    -8.7374578    0.7514421   -0.5292253  
   85    0 -142.9241133  -707.1821634    0.1338205    0.4562213  
   86    0 -460.3119142   187.3667497    1.1967232    0.0587912  
   87    0   84.5793116   130.8844518    0.2065797   -0.5030875  
   88    0  -88.6192264    84.3725175    0.3255824    0.2950907  
   89    0  165.0790446   118.5496652    0.4819401   -0.2519271  
   90    0   31.9851690   -68.7146876   -0.0092566   -0.0750505  
   91    0  140.2980587    35.6006233   -0.1342809   -0.0331981  
   92    0   17.7448158  -288.8325080   -0.4328881    0.6146539  
   93    0 -236.3803646    29.8912562    0.4464947    0.6817269  
   94    0   -2.4152978    -7.4646795   -0.0242848    0.0048305  
   95    0 -289.2475272   158.0458413   -0.1189910    0.6079500  
   96    0  356.4386428   434.3217430    0.0000000   -0.0000000  
   97    0  379.9407952  -454.3663217   -0.9209944    0.6032021  
   98    0 -372.6110930  -208.0719768    0.2233908    1.2874331  
   99    0  -57.9398082   173.5963762    0.5656156    0.1398366  
  100    0   17.5998761     2.3903497    0.0237294   -0.0304064  
  101    0   -1.6859714   -32.2966397   -0.0057273   -0.0109564  
  102    0 -207.1290730    50.5345169    0.3257220   -0.0160017  
  103    0  182.9822201   402.7542034    0.4780276   -1.1641498  
  104    0  466.1338627  -328.2885055   -1.1690867   -1.2898884  
  105    0 -362.8691731  -351.9038324   -1.0013579    0.2937219  
  106    0 -148.5817146   225.3493700   -0.0121015    0.0697429  
  107    0  -15.4334270    -6.4482785    0.0219259    0.0161573  
  108    0  -43.2766046   204.4226386    0.5275367   -0.2655396  
  109    0  222.0458775     4.7693308    0.0057693   -0.6268135  
  110    0  -13.3566084   -79.8828555   -0.1148838   -0.0614067  
  111    0   91.6556400   -33.7496718   -0.0239496    0.0161091  
  112    0  -91.2719093  -152.2779809    0.0356686    0.3621496  
  113    0  -63.6753504    56.6532862    0.2244240    0.0953888  
  114    0 -115.7197801   -89.1715410   -0.2706540    0.2112205  
  115    0 -179.8898005   354.6660632    0.0443958    0.2930938  
  116    0  515.7758493   149.5722246   -0.6004323   -0.2316123  
  117    0   47.1817213  -494.5952695   -0.9847299    0.7930926  
  118    0 -312.5342442    28.8467928    0.1210566    0.8160975  
  119    0   28.9317083   100.9228254    0.1358681    0.0557907  
  120    0   -3.5738018     1.7989007    0.0017012   -0.0012617  
  121    0  -28.1262265   -36.7325307    0.0089088    0.0998668  
  122    0 -143.0576487   159.7994413    0.5085925    0.2560040  
  123    0  329.8554253   199.0858135    0.5689891   -0.3434161  
  124    0  153.2472707  -412.2759584   -0.0013930    0.0567428  
  125    0 -322.8921978   -55.0072045    0.5131071    0.3497207  
  126    0    1.7646243    95.8521873    0.2294079   -0.0950239  
  127    0 -135.9260550    28.3403425   -0.0483354    0.2469559  
  128    0  100.0000000   241.4213562   -0.0000000   -0.0000000  
  129    0  188.6413903  -123.5500303   -0.3980770    0.0753805  
  130    0  -55.8166078   -57.9103030   -0.0819568    0.1848916  
  131    0   35.4459985   -50.0028817   -0.0543449   -0.0900414  
  132    0  -84.0887008   -38.5154574    0.0112182    0.0008275  
  133    0    5.7333796   -23.1905631   -0.0286323    0.0342410  
  134    0 -232.6869826   -12.8628232    0.1375306    0.5490531  
  135    0   55.5061606   418.3050615    0.5619240    0.2307393  
  136    0  462.9930713  -152.9522508   -0.1966249    0.1178524  
  137    0 -193.0424293  -348.2017733   -0.0877505    0.8140633  
  138    0 -162.2596026   134.8376393    0.3462333    0.3296415  
  139    0   28.6494922    23.6594967    0.0349042   -0.0052870  
  140    0  -12.4190845    22.5639873    0.0127287   -0.0224693  
  141    0  -45.9236258   -15.0150064    0.0406215    0.1006802  
  142    0  -25.6545657   197.9942185    0.3645674    0.1105903  
  143    0  319.5251057   -18.6466486    0.0579815   -0.0389998  
  144    0  -77.4861248  -309.3419502   -0.0504833    0.5125660  
  145    0 -161.2756802    74.4691296    0.2809705    0.2861907  
  146    0  -22.8028811   -31.9592416   -0.0481446    0.0035514  
  147    0 -154.5487239   161.3335701    0.0940141   -0.1275795  
  148    0  240.8547283   156.6931887   -0.1319762   -0.5877166  
  149    0   82.0287327  -199.7661563   -0.3535554   -0.1931839  
  150    0  -72.5623072   -14.8969648   -0.0131579    0.0047080  
  151    0    0.5211472   -33.9708512   -0.0209546    0.0510312  
  152    0  -27.4956369     4.7709456    0.0254176    0.0537409  
  153    0  -35.2318994   -93.9000798   -0.0877624   -0.0275070  
  154    0 -241.0561981   146.5014454    0.2539574   -0.1438651  
  155    0  277.1733151   307.7055654    0.2105009   -0.8514412  
  156    0  254.6388913  -334.6776742   -0.3203853   -0.5059437  
  157  100 -266.5310668  -133.1371531    0.1365496    0.0284703  
  158  100  -31.8324454   112.3414453    0.1889197   -0.1262321  
  159  100  -21.5766743    -1.9247772   -0.0071938    0.0367546  
  160  100    4.5073382    45.7637727    0.0000000    0.0000000  
  161  100  -41.3886621    12.1402700    0.0724648    0.0151088  
  162  100   79.4867006   155.5292985    0.2777912   -0.1759094  
  163  100  198.4338860  -153.8821001    0.0206132   -0.0833770  
  164  100 -155.6749792  -137.6539214    0.1537065    0.2713299  
  165  100  -26.5556331    44.6152366    0.0960882    0.0301165  
  166  100 -133.4552904   -48.6768179   -0.0716404    0.0338834  
  167  100  -44.8630051   273.4710073    0.1412993   -0.3441088  
  168  100  291.5528144    -7.1572199   -0.1909206   -0.5335873  
  169  100  -41.0442236  -190.9840428   -0.1128278   -0.0616495  
  170  100  -57.3943263    24.1871544    0.0766882   -0.0172209  
  171  100   -8.1428174   -12.2678979   -0.0167706    0.0227581  
  172  100   14.1019816   -13.7600459   -0.0009470   -0.0128383  
  173  100 -123.2487588   -86.2371124    0.1332670    0.1357430  
  174  100 -123.8425868   274.8202755    0.5632544    0.0554757  
  175  100  371.4301531    89.4135685    0.1739206   -0.1169834  
  176  100   16.7536356  -341.0280863   -0.1331290    0.4388677  
  177  100 -197.0293169    27.3756758    0.1344802    0.3333080  
  178  100   10.1594097    30.1309829    0.0095222    0.0053943  
  179  100  -62.1282727    34.9438921    0.1041963   -0.0157829  
  180  100   40.7233049    48.3979702    0.0733963   -0.0770905  
  181  100  -21.4710534    26.3268454   -0.0001448    0.0013436  
  182  100  126.4192882    68.5731296   -0.1209735   -0.2018320  
  183  100   55.5195741  -173.4023829   -0.2475756   -0.1016604  
  184  100 -107.2105523   -13.2231604    0.0373152   -0.0093470  
  185  100   -3.2826557   -50.8808827   -0.0576778    0.0689762  
  186  100 -209.2913553    53.7916443   -0.0179581    0.2434525  
  187  100  129.2370026   275.4318175   -0.1279564   -0.2120047  
  188  100  225.0036374  -162.6324610   -0.4539693   -0.2012308  
  189  100 -120.2296145  -113.7669401   -0.1034950    0.0195980  
  190  100  -24.7294289    38.5269771    0.0411048   -0.0411048  
  191  100   -2.4561887    -0.9910014   -0.0008289    0.0042352  
  192  100   10.2850421   -51.7063983   -0.0000000   -0.0000000  
  193  100 -178.7267172    -1.6450266    0.2390535    0.1629328  
  194  100   52.5900251   292.4203351    0.3613081    0.0088696  
  195  100  310.0503206  -118.5081328   -0.2010647    0.1213536  
  196  100 -133.9514931  -217.3895199   -0.1979389    0.3932370  
  197  100  -76.9564681    70.1805245    0.0049423    0.0554032  
  198  100  -34.0537747   -25.5813694    0.0338914    0.0456972  
  199  100  -48.9966546    99.6120629    0.1497600    0.0614950  
  200  100   73.5296383    20.3483914   -0.0249700    0.0037039  
  201  100   -1.9280817    23.2229202    0.0303284   -0.0244262  
  202  100  109.8679682   -11.5021515    0.0307853   -0.0798078  
  203  100  -33.3610178  -111.2035725    0.0201371    0.1329421  
  204  100  -18.8351464     9.7723376    0.0196737    0.0252095  
  205  100  -81.2730642  -103.4856369    0.0252201    0.0107195  
  206  100 -173.5418596   198.7049372    0.4266767   -0.0420240  
  207  100  265.7434012   155.9740541    0.1972671   -0.1326869  
  208  100   83.6683224  -233.8372961   -0.1357118    0.2538989  
  209  100 -126.9227064   -20.0227571   -0.0017000    0.1846954  
  210  100    0.7862151    25.6185859   -0.0038806   -0.0077095  
  211  100    3.1634743    -0.7001941   -0.0042132   -0.0031048  
  212  100  -28.8144186   -67.2189500   -0.0391514   -0.0067934  
  213  100 -156.6972414   105.3985540    0.2384987   -0.0699573  
  214  100  192.6521607   195.0309845    0.2486645   -0.2253764  
  215  100  153.0018607  -221.5496070   -0.0701345    0.1707999  
  216  100 -152.6032208   -67.6443555    0.0127511    0.2595552  
  217  100   -3.8120630    16.2737727    0.0005632    0.0010774  
  218  100 -104.7716899    -4.5028666    0.1250535    0.0975927  
  219  100   20.1310857   138.6419920    0.1045989    0.0258599  
  220  100   79.5354738   -27.3620006   -0.0959657    0.0166516  
  221  100    6.4552411    11.3140160    0.0138405   -0.0090648  
  222  100   58.8342110   -50.1244266   -0.0262401    0.0392711  
  223  100  -43.4618350   -35.0037710   -0.0162343    0.0829443  
  224  100   24.1068296   -45.1007060   -0.0000000    0.0000000  
  225  100 -181.5624872   -56.9063911    0.1569027    0.2395656  
  226  100  -33.4324940   285.4706277    0.1333251    0.0938981  
  227  100  291.2452759   -20.5853515   -0.3652556   -0.0903018  
  228  100  -52.7311950  -200.0654971   -0.2091654    0.0257981  
  229  100  -78.0437992    37.2053907    0.0715221   -0.0373871  
  230  100    1.8677132     2.5508846    0.0028009   -0.0030904  
  231  100    2.7876455    -2.9824461   -0.0007906    0.0019253  
  232  100  -70.0001580   -44.3271112   -0.0059615    0.1213501  
  233  100  -67.8161098   171.0998763   -0.0040234   -0.0137166  
  234  100  232.7961214    44.8228831   -0.2019089   -0.2866886  
  235  100    0.6105032  -198.9924957   -0.0512154   -0.0377410  
  236  100  -79.1429832    14.7352679    0.1061036    0.0350519  
  237  100  -21.9482966   -56.3830449   -0.0397206   -0.0003656  
  238  100 -130.3040811    81.3983238    0.1804347   -0.0547343  
  239  100  107.1650620   116.0733138    0.1208852   -0.0813104  
  240  100   51.2508129   -69.1037217   -0.0561220    0.0683849  
  241  100    4.1050860     1.9879991    0.0019938   -0.0046908  
  242  100   12.1012973   -44.7959689   -0.0046415    0.0376322  
  243  100   -3.2499101    -0.2497549    0.0006104    0.0040297  
  244  100  -11.9062934  -107.3626475    0.0268547    0.0605833  
  245  100 -217.7194933    66.7745878    0.1903708    0.2363707  
  246  100  134.7872067   255.9342166   -0.1000194   -0.0741795  
  247  100  202.7394488  -161.2436729   -0.3300114   -0.1355105  
  248  100 -118.4671072  -102.1904295    0.0427594    0.0063428  
  249  100  -20.9374352    36.1792059    0.0581143   -0.0051842  
  250  100  -18.9762336    -6.6587475    0.0029618   -0.0009785  
  251  100    0.1736580    -1.1464623   -0.0013885    0.0008380  
  252  100  -83.7555665     3.0849002    0.0041649   -0.0039653  
  253  100   37.2021544   163.3232115    0.1314552   -0.1928699  
  254  100  174.3457240   -76.0056311   -0.0012412    0.0029964  
  255  100  -70.8413409  -103.9377846   -0.0334701    0.1710059  
  256  100    0.0000000    -0.0000000    0.0000000    0.0000000  
  257  100 -103.3019790   -70.4079920    0.0320248    0.1691198  
  258  100  -75.0785784   172.2192016   -0.0011390   -0.0029526  
  259    0  160.3441304    36.5235721   -0.1162495   -0.1926081  
  260    0    3.0100995   -81.7247160    0.0035762    0.0041458  
  261    0   -1.1118180     0.1684103    0.0011701    0.0009784  
  262    0   -6.4180065   -18.2901648    0.0024855    0.0014898  
  263    0   34.6576977   -20.0569161   -0.0495280   -0.0203374  
  264    0  -97.2933769  -112.7900624    0.0380093    0.0095208  
  265    0 -152.5763793   191.8416425    0.3175885    0.0342339  
  266    0  240.6930993   126.7605049   -0.1101023    0.0027029  
  267    0   62.4131584  -203.4989910   -0.2621575    0.0397098  
  268    0  -99.7347970   -11.0603807    0.0551150   -0.0152524  
  269    0   -0.2305870    -3.0004900   -0.0032218    0.0012999  
  270    0  -41.1041621    11.1039832    0.0281554   -0.0150494  
  271    0    1.8129577     3.7436371    0.0035173   -0.0023658  
  272    0  -62.6319625    46.4510292    0.0561758   -0.0461023  
  273    0  104.5558768    96.5315511    0.0843524   -0.0828138  
  274    0   72.8704226  -116.6524445   -0.0987041    0.1144254  
  275    0  -50.1651700   -19.5278569   -0.0186537    0.0253136  
  276    0   13.0295018   -69.9813293   -0.0467427    0.0738148  
  277    0 -174.8720685     0.5365025   -0.0235580    0.0431147  
  278    0   39.1467197   203.3158933    0.1143565   -0.2417865  
  279    0  148.5097214   -58.8624129   -0.0040906    0.0099619  
  280    0  -38.2368290   -60.3825515   -0.0304562    0.0851195  
  281    0   -2.5567593     2.3897628    0.0004575   -0.0014595  
  282    0    2.1732530     1.5912180    0.0008074   -0.0029177  
  283    0   31.5010429   -66.0780875   -0.0138852    0.0561633  
  284    0 -168.3402877   -44.3693924   -0.0326922    0.1455852  
  285    0  -17.2134563   243.5390926    0.0536984   -0.2575484  
  286    0  237.2259325   -27.7823839    0.0219693   -0.1104472  
  287    0  -46.9947797  -149.9390303   -0.0375141    0.1916672  
  288    0  -37.0131929    19.7839638    0.0000000    0.0000000  
  289    0  -28.5475843   -35.4456208   -0.0114742    0.0550324  
  290    0  -40.6239210    47.6828665    0.0067973   -0.0302697  
  291    0    9.1122068     5.1989931    0.0025757   -0.0104182  
  292    0  -21.8990527    63.6558545    0.0166401   -0.0601296  
  293    0  110.2653881    16.0107479    0.0203838   -0.0650356  
  294    0   -3.5587425   -82.8040222   -0.0333797    0.0932899  
  295    0   12.7807048    -2.9938265    0.0002848   -0.0006936  
  296    0  -52.7901732  -119.0927224   -0.0676688    0.1430736  
  297    0 -171.8079482   118.6503380    0.0532415   -0.0974399  
  298    0  150.2873010   148.4542230    0.1066138   -0.1683616  
  299    0   80.7040395  -119.9836228   -0.0864480    0.1173121  
  300    0  -51.1434142   -21.9233973   -0.0150249    0.0174181  
  301    0   -0.5293575     2.3916354    0.0021346   -0.0020956  
  302    0   19.2448125     0.5906088   -0.0037650    0.0030899  
  303    0  -14.9453240   -94.7372513   -0.0853868    0.0574333  
  304    0 -173.4255584    62.0526570    0.1396560   -0.0746477  
  305    0  114.9381925   195.8278662    0.1197223   -0.0483045  
  306    0  145.4882883  -127.0643218   -0.2215186    0.0613024  
  307    0  -75.2837758   -59.1245638    0.0143392   -0.0021720  
  308    0    7.0634383   -13.6140297   -0.0167014    0.0004100  
  309    0  -79.8595989   -23.9578410    0.0689440    0.0074317  
  310    0   -8.2067715    78.3906653    0.0422415    0.0105809  
  311    0   16.4622431    -1.3667768   -0.0181019   -0.0074331  
  312    0   14.3309541    51.7854140   -0.0107395   -0.0064370  
  313    0   69.6985248   -34.2829417   -0.0608035   -0.0508438  
  314    0  -17.7826189   -23.6721220    0.0179570    0.0208172  
  315  100   48.4665758   -53.1460334   -0.0137079   -0.0227120  
  316  100 -149.1459643   -91.9010476    0.0745788    0.1933383  
  317  100  -80.7721183   211.3223842   -0.0202981   -0.1071924  
  318  100  197.9950812    35.6082154    0.0000000   -0.1656922  
  319  100   -1.1064867  -120.2161403   -0.0251406    0.1284487  
  320  100  -34.5491108     6.8722454   -0.0000000    0.0000000  
  321  100   -0.6577772    -1.6302953   -0.0010708    0.0015711  
  322  100   25.4023533   -16.3050864   -0.0183026    0.0174255  
  323  100  -74.5112664   -78.7439728   -0.0386838    0.0233478  
  324  100 -105.8040217   146.3809228    0.1995623   -0.0659265  
  325  100  177.9877839    83.5147075   -0.1029978    0.0091881  
  326  100   34.5274076  -134.3384837   -0.0994866   -0.0147574  
  327  100  -32.4390865    -2.0928558    0.0338079    0.0138823  
  328  100   -8.3734740   -67.8903335    0.0123899    0.0091890  
  329  100 -109.0619720    34.9192100    0.0664082    0.0824546  
  330  100   42.8362470    78.9715723   -0.0372108   -0.0839462  
  331  100   16.3337741   -13.3211303   -0.0000779   -0.0005143  
  332  100   29.8219545    25.0929644    0.0049471   -0.0401101  
  333  100   21.3841627   -38.0198372   -0.0154378    0.0363210  
  334  100   18.3120475     6.1743619    0.0025644   -0.0031247  
  335  100   16.5227196  -118.9179829   -0.1086382    0.0730728  
  336  100 -204.4043686    10.0417427    0.1576644   -0.0478270  
  337  100   53.2202471   221.0805905    0.0742551    0.0006835  
  338  100  162.4372289   -73.1992812   -0.1877511   -0.0620246  
  339  100  -50.6155636   -72.3389875    0.0527551    0.0388755  
  340  100   -8.0195937     8.2188798    0.0025178    0.0035751  
  341  100   -7.0996118    -4.7123674    0.0026649    0.0090851  
  342  100   13.8985776   -32.9802954   -0.0012734    0.0259214  
  343  100 -108.9664394   -23.4178879   -0.0158982    0.0387171  
  344  100   -4.0545150   165.1626293    0.1221344   -0.1347546  
  345  100  153.8130862   -25.2330853   -0.1042888    0.0545154  
  346  100  -27.1819114   -74.5235625   -0.0245263    0.0030250  
  347  100   24.7346060   -14.7223946   -0.0300455   -0.0074281  
  348  100  -75.7639001   -85.6825831    0.0772352    0.0543952  
  349  100  -84.0817075   108.4249562    0.0140492    0.0214510  
  350  100   84.3631608    43.1156661   -0.0188736   -0.0948839  
  351  100    6.5370754   -22.2862264   -0.0041225    0.0210627  
  352  100   24.4612461     2.4092225    0.0000000    0.0000000  
  353  100   -1.0212350   -11.4480029   -0.0088197    0.0057765  
  354  100   59.1643814   -16.7644892   -0.0620912    0.0107738  
  355  100  -69.5954872  -139.3251921    0.0370008    0.0091477  
  356  100 -173.6425697   132.1156290    0.1270857    0.0991787  
  357  100  158.4522377   142.7297292   -0.1077427   -0.2061134  
  358  100   74.8728159  -123.1971213    0.0037407    0.0761446  
  359  100  -47.6269606   -17.8699346   -0.0089875    0.0218874  
  360  100    2.4014922   -13.8401405   -0.0111605    0.0101153  
  361  100  -16.9690628     0.2603226    0.0132084   -0.0038743  
  362  100   -7.3842870   -35.9684614   -0.0033832   -0.0005870  
  363  100  -98.2599204    40.3478592    0.0784711    0.0578258  
  364  100   76.4772781   117.5540187   -0.0645138   -0.1281669  
  365  100   78.1301524   -74.8444067   -0.0003421    0.0371653  
  366  100  -15.3562630   -10.9566755   -0.0052540    0.0098296  
  367  100   35.5012581   -76.8840671   -0.0756307    0.0508711  
  368  100 -146.3078461   -36.6482076    0.1146588   -0.0112929  
  369  100   -8.7493050   149.9262768    0.0141586    0.0060179  
  370  100   92.1619344   -11.9416335   -0.0507843   -0.0650741  
  371  100   -6.9331870   -21.2052582    0.0034667    0.0228867  
  372  100   10.3350662    -5.6883590   -0.0019498    0.0050548  
  373  100   10.7491547    13.0162457    0.0056751   -0.0045707  
  374  100   60.7620454   -73.1192372   -0.0960281    0.0142444  
  375  100 -155.6271471   -86.2794071    0.1513005    0.0621276  
  376  100  -67.7990698   205.2307136   -0.0268319   -0.0361786  
  377  100  183.8884565    24.4007141   -0.0104306   -0.1169268  
  378  100   -5.6075192  -101.4393732   -0.0483654    0.0960856  
  379  100  -10.0253179     2.4785493    0.0071416   -0.0043103  
  380  100  -16.5102328   -36.0458922    0.0020664    0.0000507  
  381  100  -21.2531327    15.0659019    0.0157000    0.0107007  
  382  100  -24.4045976   -23.5222712    0.0137449    0.0331832  
  383  100  -51.6207455    78.8167286    0.0135851   -0.0694092  
  384  100  100.0000000    41.4213562    0.0000000    0.0000000  
  385  100   11.6372183   -55.8144695   -0.0416889    0.0078943  
  386  100   39.0159634     0.7182780   -0.0376114   -0.0166720  
  387  100  -22.1938223  -130.2776997    0.0522335    0.0865432  
  388  100 -164.8725358    61.2848400    0.0006678   -0.0090528  
  389  100   78.9084462   130.7394968    0.0669739   -0.0800932  
  390  100   62.7705486   -56.1942333   -0.0852229    0.0213472  
  391  100  -14.2989170   -10.9487305    0.0140544    0.0057711  
  392  100    0.6939126    -1.3785675    0.0001620    0.0002703  
  393  100   38.5749499    11.0583428    0.0022997   -0.0213342  
  394  100   10.9245744  -118.3599032   -0.0815910    0.0856977  
  395  100 -185.5752501    17.7028780    0.1759933   -0.0266582  
  396  100   55.5975548   191.7192589   -0.0773674   -0.0438281  
  397  100  130.5960357   -66.2394778   -0.0150389   -0.0372737  
  398  100  -32.5246519   -42.2079233   -0.0132585    0.0437074  
  399  100   20.4671481   -23.0040112   -0.0264088    0.0177632  
  400  100  -54.4859328   -32.6576113    0.0463642    0.0045665  
  401  100  -11.9591546    32.4780631   -0.0025390   -0.0025861  
  402  100  -28.0308399    -4.6868248    0.0011799    0.0159962  
  403  100    1.6571388    77.1514604    0.0448936   -0.0609218  
  404  100   70.3260080   -14.8881301   -0.0681998    0.0153148  
  405  100   -2.1962524    -5.2565504    0.0027726    0.0015150  
  406  100   75.9821403   -50.0980175   -0.0027111   -0.0075769  
  407  100 -117.4519942  -121.1118041   -0.0441564    0.1075350  
  408  100 -108.4518731   153.9898281    0.1717468   -0.0812302  
  409  100  131.6829152    59.8271401   -0.1283734   -0.0402355  
  410  100   16.3511249   -67.0194066    0.0168286    0.0297065  
  411  100  -10.3406634    -0.5398104   -0.0003042    0.0012303  
  412  100    0.7572593     5.5756148    0.0032704   -0.0020709  
  413  100   54.4096053   -18.1598382   -0.0560317   -0.0116825  
  414  100  -64.5147574  -115.5317243    0.0697904    0.1044488  
  415  100 -139.3541908   116.5278753    0.0198919   -0.1016321  
  416  100  131.7500603   108.1244802   -0.0000000   -0.0000000  
  417    0   47.4136758   -86.7741179   -0.0545798   -0.0113798  
  418    0   -2.2144606    -0.7165186    0.0011658    0.0018410  
  419    0    8.7678098   -69.3359314   -0.0168279    0.0680661  
  420    0  -83.7598752     5.1459012    0.0550098   -0.0311627  
  421    0   10.2056878    40.2194696   -0.0108472   -0.0033998  
  422    0  -19.4706107     9.0631391    0.0025959    0.0054885  
  423    0   33.1990044    46.2292316    0.0161998   -0.0394516  
  424    0   23.3490202   -24.5242428   -0.0316845    0.0113369  
  425    0   35.7886708    23.1271255   -0.0356832   -0.0194974  
  426    0   50.6157319  -124.3498351    0.0191579    0.0853140  
  427    0 -188.7139755   -38.1397878    0.0200848   -0.0272557  
  428    0   -2.3029288   187.6500989    0.0636759   -0.0046970  
  429    0  124.5024111   -21.9968974   -0.0674996   -0.0687537  
  430    0  -16.9598895   -44.7832931   -0.0046301    0.0470103  
  431    0    0.2301393    -0.1408354   -0.0002160    0.0001453  
  432    0    6.3975990     7.0586627   -0.0064896   -0.0019686  
  433    0   41.1134299   -54.3817325    0.0075241    0.0186485  
  434    0 -121.4376924   -60.1955357   -0.0122919    0.0216983  
  435    0  -44.4497650   158.7247828    0.1003164   -0.0151952  
  436    0  130.5223724    11.2399147   -0.0860901   -0.0819646  
  437    0   -4.6532216   -45.8039007   -0.0049478    0.0459011  
  438    0   46.0982750   -13.6754452   -0.0366925    0.0219926  
  439    0  -47.8202066   -92.8642215    0.0578882    0.0237703  
  440    0  -78.2204696    61.0438536   -0.0047075   -0.0187935  
  441    0   34.2891162    30.1328382    0.0070292   -0.0084062  
  442    0   -7.2426837    12.2535723    0.0088659    0.0006540  
  443    0   33.1830453    11.9880478   -0.0162410   -0.0269088  
  444    0   -0.5205760     3.2353734    0.0013240   -0.0029869  
  445    0   85.0874604    -2.3500028   -0.0779312    0.0147572  
  446    0  -35.4850645  -162.6852546    0.0840118    0.0840118  
  447    0 -186.3957660    79.2253129    0.0149423   -0.0763432  
  448    0   96.6998314   144.7215249   -0.0000000   -0.0000000  
  449    0   70.7496590   -69.4591568   -0.0309670   -0.0211063  
  450    0  -18.1700268   -12.6307024   -0.0003772    0.0153646  
  451    0    5.3670879   -12.0083774   -0.0102184    0.0061674  
  452    0   10.0402467     2.3844025   -0.0091452   -0.0046033  
  453    0    3.3414897   -72.5591551    0.0060901    0.0682701  
  454    0 -127.8865649    18.1689307    0.0803728   -0.0596085  
  455    0   44.4023788   130.3670324   -0.0652838   -0.0268071  
  456    0   73.2507127   -41.4960162    0.0023886    0.0161028  
  457    0    5.6162643     6.6332822    0.0009636   -0.0007761  
  458    0   59.6933327   -73.6535026   -0.0403336   -0.0155584  
  459    0 -116.4002454   -62.6771220    0.0141491    0.0934101  
  460    0  -32.6414352   103.0353125    0.0761876   -0.0594574  
  461    0   45.8714153     5.5148805   -0.0417051   -0.0177263  
  462    0    0.5229888     7.7367683   -0.0007384   -0.0074969  
  463    0    0.0000000     0.0000000    0.0000000    0.0000000  
  464    0    0.0000000     0.0000000    0.0000000    0.0000000  
  465    0    0.0000000     0.0000000    0.0000000    0.0000000  
  466    0    0.0000000     0.0000000    0.0000000    0.0000000  
  467    0    0.0000000     0.0000000    0.0000000    0.0000000  
  468    0    0.0000000     0.0000000    0.0000000    0.0000000  
  469    0    0.0000000     0.0000000    0.0000000    0.0000000  
  470    0    0.0000000     0.0000000    0.0000000    0.0000000  
  471    0    0.0000000     0.0000000    0.0000000    0.0000000  
  472    0    0.0000000     0.0000000    0.0000000    0.0000000  
  473    0    0.0000000     0.0000000    0.0000000    0.0000000  
  474    0    0.0000000     0.0000000    0.0000000    0.0000000  
  475    0    0.0000000     0.0000000    0.0000000    0.0000000  
  476    0    0.0000000     0.0000000    0.0000000    0.0000000  
  477    0    0.0000000     0.0000000    0.0000000    0.0000000  
  478    0    0.0000000     0.0000000    0.0000000    0.0000000  
  479    0    0.0000000     0.0000000    0.0000000    0.0000000  
  480    0    0.0000000     0.0000000    0.0000000    0.0000000  
  481    0    0.0000000     0.0000000    0.0000000    0.0000000  
  482    0    0.0000000     0.0000000    0.0000000    0.0000000  
  483    0    0.0000000     0.0000000    0.0000000    0.0000000  
  484    0    0.0000000     0.0000000    0.0000000    0.0000000  
  485    0    0.0000000     0.0000000    0.0000000    0.0000000  
  486    0    0.0000000     0.0000000    0.0000000    0.0000000  
  487    0    0.0000000     0.0000000    0.0000000    0.0000000  
  488    0    0.0000000     0.0000000    0.0000000    0.0000000  
  489    0    0.0000000     0.0000000    0.0000000    0.0000000  
  490    0    0.0000000     0.0000000    0.0000000    0.0000000  
  491    0    0.0000000     0.0000000    0.0000000    0.0000000  
  492    0    0.0000000     0.0000000    0.0000000    0.0000000  
  493    0    0.0000000     0.0000000    0.0000000    0.0000000  
  494    0    0.0000000     0.0000000    0.0000000    0.0000000  
  495    0    0.0000000     0.0000000    0.0000000    0.0000000  
  496    0    0.0000000     0.0000000    0.0000000    0.0000000  
  497    0    0.0000000     0.0000000    0.0000000    0.0000000  
  498    0    0.0000000     0.0000000    0.0000000    0.0000000  
  499    0    0.0000000     0.0000000    0.0000000    0.0000000  
  500    0    0.0000000     0.0000000    0.0000000    0.0000000  
  501    0    0.0000000     0.0000000    0.0000000    0.0000000  
  502    0    0.0000000     0.0000000    0.0000000    0.0000000  
  503    0    0.0000000     0.0000000    0.0000000    0.0000000  
  504    0    0.0000000     0.0000000    0.0000000    0.0000000  
  505    0    0.0000000     0.0000000    0.0000000    0.0000000  
  506    0    0.0000000     0.0000000    0.0000000    0.0000000  
  507    0    0.0000000     0.0000000    0.0000000    0.0000000  
  508    0    0.0000000     0.0000000    0.0000000    0.0000000  
  509    0    0.0000000     0.0000000    0.0000000    0.0000000  
  510    0    0.0000000     0.0000000    0.0000000    0.0000000  
  511    0    0.0000000     0.0000000    0.0000000    0.0000000  
