    0,    0,  200.0000000,     0.0000000,  200.0000000,    0.0000000  
    1,    0,  113.6512557,  -164.5691818,   -0.1109876,    0.1607121  
    2,    0,  -70.8313717,  -187.0331811,    0.1360959,    0.3661343  
    3,    0, -194.1462046,   -47.9985714,    0.5660390,    0.1510495  
    4,    0, -149.8159972,   132.4731798,    0.6036416,   -0.4953959  
    5,    0,   23.8702342,   198.5467206,   -0.0568326,   -0.9738719  
    6,    0,  176.9294395,    93.1795102,   -0.9801880,   -0.6376822  
    7,    0,  177.2036344,   -92.6305917,   -1.2779502,    0.4705701  
    8,    0,   24.4747615,  -198.4361237,   -0.4505705,    1.4853319  
    9,    0, -149.3631656,  -132.8915211,    1.0145685,    1.4127750  
   10,    0, -194.2093437,    47.3824134,    1.9207239,    0.0707445  
   11,    0,  -71.3655339,   186.7121365,    1.3560872,   -1.6016535  
   12,    0,  113.0696924,   164.8061097,   -0.4423137,   -2.2236612  
   13,    0,  199.8400112,     0.6131034,   -2.1495624,   -1.1236521  
   14,    0,  114.0508661,  -164.0690470,   -2.3630060,    1.0129382  
   15,    0,  -70.1841680,  -187.0548873,   -0.7601223,    2.5914123  
   16,    0, -193.7725616,   -48.5374999,    1.5618348,    2.3374510  
   17,    0, -150.0287422,   131.8433461,    2.8807694,    0.3284212  
   18,    0,   23.2282625,   198.3395755,    2.1698283,   -2.0156674  
   19,    0,  176.3725971,    93.5785550,   -0.1010236,   -2.9923716  
   20,    0,  177.1938366,   -91.9344058,   -2.3138257,   -1.8989076  
   21,    0,   25.0389400,  -198.0081982,   -2.9196830,    0.4605961  
   22,    0, -148.6722677,  -133.0962416,   -1.5698143,    2.4129778  
   23,    0, -193.9614138,    46.6919070,    0.6951269,    2.6705739  
   24,    0,  -71.7839771,   186.0929629,    2.2902706,    1.2241751  
   25,    0,  112.3087155,   164.7783474,    2.2626420,   -0.7706449  
   26,    0,  199.3603069,     1.2232749,    0.8913837,   -1.9461096  
   27,    0,  114.2662829,  -163.3076194,   -0.6817009,   -1.7199296  
   28,    0,  -69.4267851,  -186.7765359,   -1.4071859,   -0.5828755  
   29,    0, -193.0894876,   -48.9964449,   -1.0727851,    0.4559746  
   30,    0, -149.9997743,   131.0044940,   -0.2917563,    0.7295582  
   31,    0,   22.5518106,   197.8147953,    0.1538350,    0.3619323  
   32,    0,  175.5349145,    93.8253665,   -0.0000000,   -0.0000000  
   33,    0,  176.8991667,   -91.0937986,   -0.3540585,    0.1403325  
   34,    0,   25.5599337,  -197.2638771,   -0.3060913,    0.6682726  
   35,    0, -147.7457121,  -133.0855643,    0.3378371,    0.9919023  
   36,    0, -193.4023600,    45.9300529,    1.1508694,    0.6151525  
   37,    0,  -72.0842155,   185.1773569,    1.4450640,   -0.3761374  
   38,    0,  111.3711554,   164.4848467,    0.8734621,   -1.3426076  
   39,    0,  198.5616724,     1.8275903,   -0.2528848,   -1.6030169  
   40,    0,  114.2955692,  -162.2872390,   -1.2005814,   -0.9852917  
   41,    0,  -68.5622622,  -186.1979003,   -1.3934151,    0.0470422  
   42,    0, -192.0985615,   -49.3727869,   -0.8450324,    0.7849949  
   43,    0, -149.7278653,   129.9594367,   -0.0955829,    0.8384124  
   44,    0,   21.8438951,   196.9730072,    0.2691566,    0.4028214  
   45,    0,  174.4186565,    93.9178382,    0.0951022,    0.0278957  
   46,    0,  176.3192139,   -90.1118484,   -0.2616971,    0.1121804  
   47,    0,   26.0349817,  -196.2046106,   -0.2954285,    0.5651589  
   48,    0, -146.5862896,  -132.8580686,    0.1816370,    0.9131507  
   49,    0, -192.5326380,    45.0999632,    0.8692932,    0.7360127  
   50,    0,  -72.2639624,   183.9674986,    1.2410537,    0.0457107  
   51,    0,  110.2601269,   163.9249976,    0.9976786,   -0.7164717  
   52,    0,  197.4454152,     2.4231414,    0.3185354,   -1.0500705  
   53,    0,  114.1370983,  -161.0106661,   -0.2970758,   -0.8067833  
   54,    0,  -67.5938080,  -185.3192479,   -0.4509351,   -0.2933655  
   55,    0, -190.8018644,   -49.6640483,   -0.1644643,    0.0095977  
   56,    0, -149.2121894,   128.7113198,    0.1697503,   -0.1393104  
   57,    0,   21.1075770,   195.8153586,    0.1472810,   -0.5519174  
   58,    0,  173.0265409,    93.8541229,   -0.2954204,   -0.7947597  
   59,    0,  175.4540380,   -88.9918579,   -0.8346698,   -0.5764218  
   60,    0,   26.4614066,  -194.8323637,   -1.0477580,    0.0000000  
   61,    0, -145.1971672,  -132.4126952,   -0.7781080,    0.5303386  
   62,    0, -191.3532140,    44.2048537,   -0.2630513,    0.6577793  
   63,    0,  -72.3211361,   182.4660465,    0.0773668,    0.3710671  
   64,    0,  108.9790214,   163.0986314,    0.0000000,    0.0000000  
   65,    0,  196.0133630,     3.0070432,   -0.3642452,   -0.0782796  
   66,    0,  113.7895586,  -159.4810753,   -0.6382484,    0.2372436  
   67,    0,  -66.5247922,  -184.1413403,   -0.5319677,    0.6947438  
   68,    0, -189.2019757,   -49.8679004,   -0.0903201,    0.9170354  
   69,    0, -148.4523268,   127.2636135,    0.3532698,    0.7294786  
   70,    0,   20.3459533,   194.3435151,    0.4690028,    0.3051198  
   71,    0,  171.3617318,    93.6326383,    0.2116153,    0.0084444  
   72,    0,  174.3041707,   -87.7373464,   -0.1496470,    0.0799880  
   73,    0,   26.8366213,  -193.1496122,   -0.2703973,    0.4358276  
   74,    0, -143.5818802,  -131.7487495,   -0.0276227,    0.7499601  
   75,    0, -189.8655641,    43.2480354,    0.3816335,    0.7411113  
   76,    0,  -72.2538666,   180.6761323,    0.6181652,    0.4130448  
   77,    0,  107.5314989,   162.0060221,    0.4952318,    0.0441778  
   78,    0,  194.2678601,     3.5764419,    0.1346784,   -0.0577319  
   79,    0,  113.2519579,  -157.7020481,   -0.1452998,    0.1804090  
   80,    0,  -65.3587373,  -182.6654339,   -0.1075637,    0.5407591  
   81,    0, -187.3019680,   -49.9821698,    0.2031635,    0.7086977  
   82,    0, -147.4482657,   125.6201052,    0.5059864,    0.5446849  
   83,    0,   19.5621495,   192.5596580,    0.5305574,    0.1990685  
   84,    0,  169.4278336,    93.2520725,    0.2484427,   -0.0244695  
   85,    0,  172.8706160,   -86.3520412,   -0.1086164,    0.0664686  
   86,    0,   27.1581365,  -191.1593386,   -0.2538427,    0.3901843  
   87,    0, -141.7443245,  -130.8659056,   -0.0926551,    0.6668614  
   88,    0, -188.0716721,    42.2329062,    0.2009372,    0.6624013  
   89,    0,  -72.0605014,   178.6013547,    0.3401752,    0.3870962  
   90,    0,  105.9214796,   160.6478883,    0.1745421,    0.0799461  
   91,    0,  192.2117639,     4.1285229,   -0.1837064,   -0.0028182  
   92,    0,  112.5236281,  -155.6775656,   -0.4610468,    0.1909718  
   93,    0,  -64.0993102,  -180.8932779,   -0.4598557,    0.4683995  
   94,    0, -185.1054012,   -50.0048454,   -0.2246920,    0.5618589  
   95,    0, -146.2004048,   123.7848905,    0.0033137,    0.3600222  
   96,    0,   18.7593110,   190.4664813,    0.0000000,   -0.0000000  
   97,    0,  167.2288832,    92.7113884,   -0.2474357,   -0.2551458  
   98,    0,  171.1548501,   -84.8398688,   -0.5317573,   -0.2435627  
   99,    0,   27.4235676,  -188.8650265,   -0.6063300,   -0.0391183  
  100,    0, -139.6887485,  -129.7642085,   -0.3962013,    0.1201863  
  101,    0, -185.9740271,    41.1629427,   -0.0580833,    0.0439119  
  102,    0,  -71.7396106,   176.2457722,    0.1587225,   -0.2439740  
  103,    0,  104.1531346,   159.0253930,    0.1265684,   -0.5257740  
  104,    0,  189.8484401,     4.6605176,   -0.0568361,   -0.5770671  
  105,    0,  111.6042279,  -153.4119998,   -0.1620033,   -0.3565785  
  106,    0,  -62.7503129,  -178.8271129,   -0.0338253,   -0.0364123  
  107,    0, -182.6163158,   -49.9340840,    0.2696145,    0.1494738  
  108,    0, -144.7095543,   121.7623647,    0.5242732,    0.1042844  
  109,    0,   17.9405954,   188.0671874,    0.5301338,   -0.0571448  
  110,    0,  164.7693420,    92.0098283,    0.2789795,   -0.1195888  
  111,    0,  169.1588199,   -83.2049456,   -0.0427361,    0.0357359  
  112,    0,   27.6306415,  -186.2706545,   -0.2144405,    0.3209328  
  113,    0, -137.4197439,  -128.4440763,   -0.1641080,    0.5125529  
  114,    0, -183.5756201,    40.0416911,   -0.0162523,    0.4412523  
  115,    0,  -71.2899927,   173.6138953,    0.0319074,    0.1362135  
  116,    0,  102.2308772,   157.1401435,   -0.1059019,   -0.1981286  
  117,    0,  187.1817568,     5.1697118,   -0.3232569,   -0.3501281  
  118,    0,  110.4937463,  -150.9101054,   -0.4121126,   -0.2681086  
  119,    0,  -61.3156740,  -176.4696683,   -0.2468786,   -0.0857798  
  120,    0, -179.8392258,   -49.7682164,    0.0983042,    0.0096821  
  121,    0, -142.9769363,   119.5572125,    0.4004058,   -0.0531311  
  122,    0,   17.1091640,   185.3654821,    0.4632248,   -0.1721855  
  123,    0,  162.0540874,    91.1469174,    0.2693704,   -0.1740708  
  124,    0,  166.8849412,   -81.4515689,   -0.0169453,    0.0169453  
  125,    0,   27.7772034,  -183.3806891,   -0.1926484,    0.2941438  
  126,    0, -134.9422359,  -126.9063020,   -0.1781567,    0.4454939  
  127,    0, -180.8799395,    38.8727590,   -0.0623844,    0.3294461  
  128,    0,  -70.7106781,   170.7106781,    0.0000000,   -0.0000000  
  129,    0,  100.1593523,   154.9941903,   -0.0596884,   -0.3261430  
  130,    0,  184.2160782,     5.6534524,   -0.1614667,   -0.4343884  
  131,    0,  109.1925047,  -148.1770095,   -0.1581964,   -0.2733582  
  132,    0,  -59.7994391,  -173.8241582,    0.0141829,    0.0172819  
  133,    0, -176.7791101,   -49.5057530,    0.2562617,    0.2280014  
  134,    0, -141.0041849,   117.1743991,    0.3732517,    0.2428268  
  135,    0,   16.2681741,   182.3655685,    0.2392902,    0.1104924  
  136,    0,  159.0884031,    90.1224672,   -0.0822589,   -0.0249530  
  137,    0,  164.3360960,   -79.5842069,   -0.3705567,   -0.0607899  
  138,    0,   27.8612231,  -180.2000771,   -0.4129018,   -0.0152081  
  139,    0, -132.2614736,  -125.1520534,   -0.1724110,    0.0143144  
  140,    0, -177.8909662,    37.6598064,    0.1788128,   -0.0355681  
  141,    0,  -70.0009346,   167.5415088,    0.3893297,   -0.1220260  
  142,    0,   97.9434274,   152.5900255,    0.3180079,   -0.1363189  
  143,    0,  180.9562575,     6.1091547,    0.0346883,   -0.0189538  
  144,    0,  107.7011586,  -145.2182017,   -0.2427910,    0.1622278  
  145,    0,  -58.2057618,  -170.8942775,   -0.3190075,    0.2537145  
  146,    0, -173.4414037,   -49.1453889,   -0.1624035,    0.1508652  
  147,    0, -138.7933451,   114.6191589,    0.0871887,   -0.0932815  
  148,    0,   15.4207708,   179.0721409,    0.2390270,   -0.2912552  
  149,    0,  155.8779689,    88.9365782,    0.1969680,   -0.2707536  
  150,    0,  161.5156292,   -77.6074889,    0.0184352,   -0.0283370  
  151,    0,   27.8808009,  -176.7342370,   -0.1470560,    0.2505491  
  152,    0, -129.3830189,  -123.1828742,   -0.1793964,    0.3356271  
  153,    0, -174.6131670,    36.4065370,   -0.0721956,    0.1467765  
  154,    0,  -69.1602702,   164.1122000,    0.0767365,   -0.1675346  
  155,    0,   95.5881813,   149.9305798,    0.1494285,   -0.3456580  
  156,    0,  177.4076284,     6.5343099,    0.0967441,   -0.2335609  
  157,  100,  106.0206990,  -142.0395237,   -0.0310489,    0.0769545  
  158,  100,  -56.5388940,  -167.6841963,   -0.1278614,    0.3197269  
  159,    0, -169.8319879,   -48.6860085,   -0.1142878,    0.2832615  
  160,    0, -136.3468713,   111.8969855,    0.0000000,    0.0000000  
  161,    0,   14.5700789,   175.4903765,    0.1199199,   -0.2773986  
  162,    0,  152.4288501,    87.5896422,    0.1378162,   -0.3008866  
  163,    0,  158.4273438,   -75.5261954,    0.0264954,   -0.0538661  
  164,    0,   27.8341737,  -172.9890493,   -0.1239460,    0.2318866  
  165,    0, -126.3127359,  -121.0006828,   -0.1717213,    0.2925730  
  166,    0, -171.0514887,    35.1166894,   -0.0531231,    0.0816561  
  167,    0,  -68.1884370,   160.4289776,    0.1376521,   -0.1892177  
  168,    0,   93.0988939,   147.0192193,    0.2145201,   -0.2613935  
  169,    0,  173.5759965,     6.9264914,    0.0780734,   -0.0835291  
  170,    0,  104.1524527,  -138.6471575,   -0.1603304,    0.1489393  
  171,    0,  -54.8031760,  -164.1985543,   -0.2601111,    0.2068727  
  172,    0, -165.9571798,   -48.1266903,   -0.0938711,    0.0627227  
  173,    0, -133.6676248,   109.0136197,    0.1914157,   -0.1045902  
  174,    0,   13.7191953,   171.6259279,    0.2971271,   -0.1273680  
  175,    0,  148.7474862,    86.0823440,    0.0899738,   -0.0282001  
  176,    0,  155.0754960,   -73.3452472,   -0.2259899,    0.0449522  
  177,    0,   27.7197207,  -168.9708466,   -0.3083189,    0.0255982  
  178,    0, -123.0567790,  -118.6077711,   -0.0587838,   -0.0021651  
  179,    0, -167.2113495,    33.7940280,    0.2488834,    0.0408294  
  180,    0,  -67.0854339,   156.4984701,    0.2742011,    0.0831780  
  181,    0,   90.4810350,   143.8597414,    0.0061375,    0.0028340  
  182,    0,  169.4676294,     7.2833619,   -0.2326321,   -0.1513438  
  183,    0,  102.0980822,  -135.0476138,   -0.1859205,   -0.1654173  
  184,    0,  -53.0030273,  -160.4424537,    0.0381728,    0.0465137  
  185,    0, -161.8237213,   -47.4667110,    0.1489607,    0.2573992  
  186,    0, -130.7588710,   105.9750388,    0.0662468,    0.1782214  
  187,    0,   12.8711811,   167.4849131,   -0.0246125,   -0.1344851  
  188,    0,  144.8406786,    84.4156627,   -0.0000000,   -0.2998552  
  189,    0,  151.4647893,   -71.0696954,    0.0198094,   -0.1046116  
  190,    0,   27.5359684,  -164.6864027,   -0.0787256,    0.1968591  
  191,    0, -119.6215807,  -116.0068031,   -0.1487590,    0.2271314  
  192,    0, -163.0986314,    32.4423349,   -0.0000000,    0.0000000  
  193,    0,  -65.8515089,   152.3276960,    0.2256036,   -0.1457881  
  194,    0,   87.7402533,   140.4563699,    0.1888293,   -0.0701898  
  195,    0,  165.0892462,     7.6026797,   -0.1159134,    0.0153809  
  196,    0,   99.8595855,  -131.2477197,   -0.2829680,   -0.0278699  
  197,    0,  -51.1429367,  -156.4214516,   -0.0830213,   -0.0288464  
  198,    0, -157.4387669,   -46.7055488,    0.1838753,    0.1196240  
  199,    0, -127.6242756,   102.7874439,    0.1621141,    0.1755901  
  200,    0,   12.0290540,   163.0739063,   -0.0255039,   -0.0477145  
  201,    0,  140.7155783,    82.5908720,   -0.0621870,   -0.2654774  
  202,    0,  147.6003680,   -68.7047103,    0.0046402,   -0.1259820  
  203,    0,   27.2815957,  -160.1429210,   -0.0573688,    0.1791780  
  204,    0, -116.0138399,  -113.2008117,   -0.1357109,    0.2031057  
  205,    0, -158.7196702,    31.0654001,    0.0258387,   -0.0216063  
  206,    0,  -64.4871616,   147.9240514,    0.2410350,   -0.1033233  
  207,    0,   84.8823643,   136.8137493,    0.1235077,   -0.0133133  
  208,    0,  160.4480066,     7.8823051,   -0.1826374,   -0.0363288  
  209,    0,   97.4392943,  -127.2546057,   -0.2014960,   -0.1117090  
  210,    0,  -49.2274521,  -152.1415517,    0.0366495,    0.0394525  
  211,    0, -152.8098714,   -45.8428873,    0.1065953,    0.2346223  
  212,    0, -124.2678999,    99.4572482,    0.0084766,    0.0860644  
  213,    0,   11.1957805,   158.3999270,    0.0489138,   -0.2031913  
  214,    0,  136.3796729,    80.6095405,    0.1057604,   -0.1625654  
  215,    0,  143.4878094,   -66.2555709,   -0.0864551,    0.0653614  
  216,    0,   26.9554389,  -155.3480219,   -0.2348915,    0.0712536  
  217,    0, -112.2405081,  -110.1931961,   -0.0114169,   -0.0007366  
  218,    0, -154.0812463,    29.6670136,    0.2157907,    0.0988394  
  219,    0,  -62.9931439,   143.2952967,    0.0838112,    0.0864228  
  220,    0,   81.9133390,   132.9369388,   -0.0691961,   -0.1670542  
  221,    0,  155.5514984,     8.1202065,   -0.0018209,   -0.1978319  
  222,    0,   94.8398724,  -123.0756927,   -0.0352558,    0.0881596  
  223,    0,  -47.2611708,  -147.6091950,   -0.1644497,    0.1675051  
  224,    0, -147.9449766,   -44.8786180,    0.0000000,    0.0000000  
  225,    0, -120.6941958,    95.9910641,    0.2320744,    0.0035603  
  226,    0,   10.3742687,   153.4704281,    0.0793448,    0.0363426  
  227,    0,  131.8407724,    78.4735315,   -0.1305154,   -0.1485176  
  228,    0,  139.1331159,   -63.7276536,   -0.0452504,   -0.1491706  
  229,    0,   26.5564954,  -150.3097301,   -0.0196080,    0.1411235  
  230,    0, -108.3087769,  -106.9877176,   -0.1095229,    0.1683487  
  231,    0, -149.1905734,    28.2509562,    0.0660291,   -0.0404070  
  232,    0,  -61.3704616,   138.4495429,    0.2210015,   -0.0217667  
  233,    0,   78.8392920,   128.8314047,   -0.0109831,   -0.0041209  
  234,    0,  150.4077253,     8.3144659,   -0.1516431,   -0.1632410  
  235,    0,   92.0643133,  -118.7186777,   -0.0132358,   -0.0461705  
  236,    0,  -45.2487296,  -142.8312500,   -0.0405730,    0.2039740  
  237,    0, -142.8523973,   -43.8128428,   -0.0615316,    0.0763997  
  238,    0, -116.9080002,    92.3956906,    0.1680831,   -0.0720513  
  239,    0,    9.5673614,   148.2932847,    0.1364969,    0.0121764  
  240,    0,  127.1069958,    76.1850014,   -0.1266971,   -0.0846563  
  241,    0,  134.5427061,   -61.1264212,   -0.0756024,   -0.1468157  
  242,    0,   26.0839285,  -145.0364607,   -0.0044323,    0.1203371  
  243,    0, -104.2260642,  -103.5884951,   -0.0968699,    0.1561354  
  244,    0, -144.0552870,    26.8209912,    0.0792791,   -0.0423755  
  245,    0,  -59.6203747,   133.3952372,    0.1945725,    0.0077644  
  246,    0,   75.6664690,   124.5030128,   -0.0525740,   -0.0342031  
  247,    0,  145.0250933,     8.4632848,   -0.0872006,   -0.1800634  
  248,    0,   89.1159370,  -114.1915201,   -0.0039228,    0.0398287  
  249,    0,  -43.1947950,  -137.8150022,   -0.1225550,    0.1600555  
  250,    0, -137.5408073,   -42.6458765,    0.0209357,   -0.0077820  
  251,    0, -112.9145279,    88.6781002,    0.1963238,    0.0421918  
  252,    0,    8.7778282,   142.8767801,   -0.0069450,   -0.0069450  
  253,    0,  122.1867558,    73.7463986,   -0.0405902,   -0.1946790  
  254,    0,  129.7234048,   -58.4574119,   -0.0009010,    0.0022529  
  255,    0,   25.5370704,  -139.5370049,   -0.1623834,    0.1106764  
  256,    0, -100.0000000,  -100.0000000,   -0.0000000,   -0.0000000  
  257,    0, -138.6834326,    25.3808557,    0.1597290,    0.1103086  
  258,    0,  -57.7443975,   128.1411479,   -0.0008249,   -0.0022192  
  259,    0,   72.4012346,   119.9580203,    0.0494202,   -0.1851962  
  260,    0,  139.4123968,     8.5649892,   -0.0072285,    0.0059323  
  261,    0,   85.9983862,  -109.5024269,   -0.1885328,    0.0110023  
  262,    0,  -41.1040529,  -132.5681424,    0.0173927,    0.0113152  
  263,    0, -132.0192239,   -41.3782478,    0.0639212,    0.1735939  
  264,    0, -108.7193650,    84.8454252,    0.0105308,   -0.0347155  
  265,    0,    8.0083598,   137.2295933,    0.1455039,   -0.1044920  
  266,    0,  117.0887442,    71.1604613,   -0.0554353,   -0.0020418  
  267,    0,  124.6824332,   -55.7262279,   -0.1298341,   -0.1099279  
  268,    0,   24.9154261,  -133.8205151,    0.0151339,    0.0760833  
  269,    0,  -95.6384128,   -96.2270505,   -0.0725572,    0.1388030  
  270,    0, -133.0834524,    23.9342524,    0.0931873,   -0.0399462  
  271,    0,  -55.7442981,   122.6963492,    0.1317854,    0.0386558  
  272,    0,   69.0500603,   115.2030658,   -0.0695422,   -0.1040773  
  273,    0,  133.5788037,     8.6180348,    0.0125949,   -0.1104770  
  274,    0,   82.7156224,  -104.6598379,   -0.1073805,    0.0997514  
  275,    0,  -38.9811993,  -127.0987548,   -0.0776098,    0.0026201  
  276,    0, -126.2969924,   -40.0107012,    0.1256973,    0.1031571  
  277,    0, -104.3284605,    80.9049449,    0.0057800,    0.0366391  
  278,    0,    7.2615602,   131.3607840,    0.0926780,   -0.1424563  
  279,    0,  111.8219161,    68.4302148,   -0.0085527,    0.0022262  
  280,    0,  119.4273970,   -52.9385242,   -0.1457291,   -0.0778938  
  281,    0,   24.2186757,  -127.8964896,    0.0183420,    0.0538528  
  282,    0,  -91.1493144,   -92.2748049,   -0.0607058,    0.1325356  
  283,    0, -127.2641721,    22.4848411,    0.0949522,   -0.0376347  
  284,    0,  -53.6220972,   117.0702051,    0.1019637,    0.0422347  
  285,    0,   65.6195112,   110.2451601,   -0.0540789,   -0.1272331  
  286,    0,  127.5338402,     8.6210115,    0.0223780,   -0.0559578  
  287,    0,   79.2719206,   -99.6724101,   -0.1456778,    0.0619186  
  288,    0,  -36.8309299,  -121.4153045,   -0.0000000,    0.0000000  
  289,    0, -120.3837703,   -38.5441973,    0.0575294,    0.1451465  
  290,    0,  -99.7481181,    76.8640710,    0.0259712,   -0.0567014  
  291,    0,    6.5399413,   125.2797780,    0.1214773,   -0.0413746  
  292,    0,  106.3954740,    65.5589681,   -0.1021473,   -0.0545989  
  293,    0,  113.9662758,   -50.0999975,   -0.0191821,   -0.0736947  
  294,    0,   23.4466777,  -121.7747557,   -0.0808461,    0.1242693  
  295,    0,  -86.5408859,   -88.1487546,   -0.0069702,    0.0010996  
  296,    0, -121.2347862,    21.0362310,    0.1155609,    0.0948384  
  297,    0,  -51.3800672,   111.2723532,   -0.0021992,   -0.0651408  
  298,    0,   62.1162341,   105.0916756,    0.0843731,   -0.0783786  
  299,    0,  121.2873751,     8.5726480,   -0.1217460,   -0.0138796  
  300,    0,   75.6718639,   -94.5490025,   -0.0278135,   -0.0416258  
  301,    0,  -34.6579310,  -115.5266234,   -0.0414575,    0.1413370  
  302,    0, -114.2895105,   -36.9799134,    0.0279294,   -0.0119724  
  303,    0,  -94.9849866,    72.7303346,    0.1137547,    0.0594636  
  304,    0,    5.8459159,   118.9963517,   -0.0199825,   -0.1004589  
  305,    0,  100.8188518,    62.5503105,    0.0435891,   -0.0514824  
  306,    0,  108.3074096,   -47.2163746,   -0.1404932,   -0.0051747  
  307,    0,   22.5994707,  -115.4654542,    0.0103977,    0.0144787  
  308,    0,  -81.8214621,   -83.8547168,   -0.0370455,    0.1221226  
  309,    0, -115.0048434,    19.5919721,    0.0910506,   -0.0335269  
  310,    0,  -49.0207295,   105.3126879,    0.0537960,    0.0349981  
  311,    0,   58.5469441,    99.7503344,   -0.0079823,   -0.1367834  
  312,    0,  114.8496028,     8.4718157,   -0.0207442,    0.0170243  
  313,    0,   71.9203377,   -89.2986600,   -0.1130454,   -0.0301665  
  314,    0,  -32.4668692,  -109.4418969,    0.0369325,    0.0993582  
  315,    0, -108.0244442,   -35.3192433,   -0.0238197,    0.0344914  
  316,    0,  -90.0460506,    68.5113716,    0.1338380,    0.0000000  
  317,    0,    5.1817924,   112.5206162,   -0.0305923,   -0.0448848  
  318,    0,   95.1016979,    59.4081071,    0.0342935,   -0.0857533  
  319,    0,  102.4594865,   -44.2934015,   -0.1189674,    0.0248045  
  320,    0,   21.6772751,  -108.9790214,   -0.0000000,   -0.0000000  
  321,    0,  -76.9995168,   -79.3988255,   -0.0251331,    0.1169476  
  322,    0, -108.5842312,    18.1555484,    0.0863944,   -0.0321137  
  323,    0,  -46.5468528,    99.2013432,    0.0362618,    0.0277658  
  324,    0,   54.9184127,    94.2291976,    0.0124395,   -0.1263005  
  325,    0,  108.2310271,     8.3175322,   -0.0513843,    0.0248842  
  326,    0,   68.0225230,   -83.9305973,   -0.0656632,   -0.0427186  
  327,    0,  -30.2623826,  -103.1706488,   -0.0048199,    0.1207858  
  328,    0, -101.5990633,   -33.5637969,    0.0212797,   -0.0113742  
  329,    0,  -84.9386198,    64.2149087,    0.0836511,    0.0518991  
  330,    0,    4.5497688,   105.8630003,    0.0039862,   -0.1082255  
  331,    0,   89.2538581,    56.1364937,    0.0023134,   -0.0011913  
  332,    0,   96.4315288,   -41.3368319,   -0.0904584,   -0.0604423  
  333,    0,   20.6804952,  -102.3261715,   -0.0083923,    0.0940770  
  334,    0,  -72.0836470,   -74.7875231,   -0.0199696,    0.0085603  
  335,    0, -101.9831595,    16.7303695,    0.0877729,    0.0706915  
  336,    0,  -43.9614494,    92.9486753,    0.0161492,   -0.0811875  
  337,    0,   51.2374542,    88.5366517,    0.0321115,   -0.0092055  
  338,    0,  101.4424430,     8.1089653,   -0.0768669,   -0.0827457  
  339,    0,   63.9838887,   -78.4541827,   -0.0263972,    0.0703537  
  340,    0,  -28.0490708,   -96.7227263,   -0.0381640,    0.0037588  
  341,    0,  -95.0241029,   -31.7153988,    0.0580991,    0.0949399  
  342,    0,  -79.6703176,    59.8487495,    0.0394043,   -0.0605687  
  343,    0,    3.9519276,    99.0342336,    0.0368655,    0.0051222  
  344,    0,   83.2853590,    52.7398719,   -0.0315009,   -0.1038445  
  345,    0,   90.2328785,   -38.3524164,   -0.0556029,    0.0488631  
  346,    0,   19.6097194,   -95.5178792,   -0.0276177,   -0.0126498  
  347,    0,  -67.0825583,   -70.0275509,   -0.0015994,    0.1042572  
  348,    0,  -95.2121444,    15.3197638,    0.0735883,   -0.0304813  
  349,    0,  -41.2677723,    86.5652443,    0.0127891,    0.0125558  
  350,    0,   47.5109136,    82.6813965,    0.0361564,   -0.0904117  
  351,    0,   94.4949188,     7.8454354,   -0.0876194,    0.0008065  
  352,    0,   59.8101848,   -72.8789210,    0.0000000,    0.0000000  
  353,    0,  -25.8314863,   -90.1082837,   -0.0617269,    0.0598616  
  354,    0,  -88.3105226,   -29.7760873,    0.0868319,    0.0397719  
  355,    0,  -74.2490704,    55.4207599,    0.0014599,   -0.0226280  
  356,    0,    3.3902302,    92.0453286,    0.0651221,   -0.0197546  
  357,    0,   77.2063900,    49.2229031,   -0.0602202,   -0.0796547  
  358,    0,   83.8731829,   -35.3458914,   -0.0262470,    0.0403446  
  359,    0,   18.4657213,   -88.5653606,   -0.0409118,   -0.0098486  
  360,    0,  -62.0050482,   -65.1259388,    0.0094511,    0.0959587  
  361,    0,  -88.2819907,    13.9269711,    0.0659974,   -0.0299844  
  362,    0,  -38.4693111,    80.0617966,    0.0056534,    0.0060857  
  363,    0,   43.7456537,    76.6724309,    0.0392775,   -0.0708471  
  364,    0,   87.3997781,     7.5264189,   -0.0880292,   -0.0175101  
  365,    0,   55.5074331,   -67.2144377,    0.0032093,    0.0297726  
  366,    0,  -23.6141248,   -83.3377666,   -0.0470375,    0.0201633  
  367,    0,  -81.4694880,   -27.7481124,    0.0594226,    0.0710627  
  368,    0,  -68.6830942,    50.9388544,    0.0362897,   -0.0543113  
  369,    0,    2.8665128,    84.9075627,    0.0082883,    0.0026537  
  370,    0,   71.0272857,    45.5905016,    0.0027593,   -0.0749156  
  371,    0,   77.3623792,   -32.3229681,   -0.0846994,    0.0198405  
  372,    0,   17.2494599,   -81.4800545,    0.0180304,    0.0337326  
  373,    0,  -56.8599915,   -60.0899950,   -0.0262378,    0.0242241  
  374,    0,  -81.2037746,    12.5551360,    0.0703306,    0.0457550  
  375,    0,  -35.5697875,    73.4492462,    0.0246196,   -0.0708566  
  376,    0,   39.9485422,    70.5190391,   -0.0168088,   -0.0016555  
  377,    0,   80.1685803,     7.1515497,   -0.0067000,   -0.0504924  
  378,    0,   51.0819190,   -61.4704612,   -0.0793244,    0.0294857  
  379,    0,  -21.4014170,   -76.4218947,    0.0347920,    0.0538397  
  380,    0,  -74.5123518,   -25.6339331,    0.0029049,   -0.0029049  
  381,    0,  -62.9808830,    46.4109810,    0.0477315,    0.0312616  
  382,    0,    2.3824816,    77.6324597,    0.0305603,   -0.0764184  
  383,    0,   64.7585082,    41.8478282,   -0.0568689,   -0.0107688  
  384,    0,   70.7106781,   -29.2893219,    0.0000000,   -0.0000000  
  385,    0,   15.9620790,   -74.2736031,   -0.0556120,    0.0101777  
  386,    0,  -51.6563239,   -54.9272947,    0.0276974,    0.0745134  
  387,    0,  -73.9888251,    11.2073014,    0.0495414,   -0.0286703  
  388,    0,  -32.5731502,    66.7386562,   -0.0024313,   -0.0029626  
  389,    0,   36.1264397,    64.2307757,    0.0334907,   -0.0376419  
  390,    0,   72.8131019,     6.7206218,   -0.0639171,   -0.0415826  
  391,    0,   46.5401819,   -55.6568063,   -0.0256587,    0.0555682  
  392,    0,  -19.1977195,   -69.3716445,    0.0140653,    0.0042667  
  393,    0,  -67.4506346,   -23.4362152,   -0.0061812,    0.0376789  
  394,    0,  -57.1511948,    41.8451077,    0.0704652,    0.0025954  
  395,    0,    1.9397083,    70.2317702,   -0.0055507,   -0.0668563  
  396,    0,   58.4106291,    38.0002826,   -0.0304439,    0.0060557  
  397,    0,   63.9285481,   -26.2505816,   -0.0056732,   -0.0181006  
  398,    0,   14.6049070,   -66.9578328,   -0.0539913,    0.0231442  
  399,    0,  -46.4030265,   -49.6456683,    0.0336805,    0.0616403  
  400,    0,  -66.6487059,     9.8864016,    0.0410874,   -0.0274537  
  401,    0,  -29.4835700,    59.9412194,   -0.0043541,   -0.0054746  
  402,    0,   32.2861865,    57.8174506,    0.0273821,   -0.0254367  
  403,    0,   65.3453166,     6.2335908,   -0.0470278,   -0.0439561  
  404,    0,   41.8890055,   -49.7833573,   -0.0401344,    0.0489038  
  405,    0,  -17.0073068,   -62.1982312,    0.0289189,    0.0210379  
  406,    0,  -60.2960052,   -21.1578274,   -0.0030812,    0.0047361  
  407,    0,  -51.2030380,    37.2492082,    0.0376268,    0.0220845  
  408,    0,    1.5396271,    62.7174531,    0.0298313,   -0.0558104  
  409,    0,   51.9943111,    34.0534954,   -0.0518752,   -0.0255161  
  410,    0,   57.0266979,   -23.2123191,   -0.0126895,    0.0277042  
  411,    0,   13.1794558,   -59.5447340,   -0.0068516,   -0.0029620  
  412,    0,  -41.1091101,   -44.2531898,   -0.0159015,    0.0383895  
  413,    0,  -59.1951962,     8.5952571,    0.0553516,    0.0223328  
  414,    0,  -26.3054335,    53.0682401,    0.0208788,   -0.0522090  
  415,    0,   28.4345910,    51.2891132,   -0.0310042,   -0.0125093  
  416,    0,   57.7773754,     5.6905748,   -0.0000000,   -0.0000000  
  417,    0,   37.1354071,   -43.8600506,   -0.0297430,   -0.0128579  
  418,    0,  -14.8343626,   -54.9130911,   -0.0221767,    0.0484173  
  419,    0,  -53.0602613,   -18.8018382,    0.0506774,    0.0249269  
  420,    0,  -45.1456574,    32.6312475,    0.0197832,   -0.0370117  
  421,    0,    1.1835303,    55.1016548,   -0.0130216,   -0.0076429  
  422,    0,   45.5202897,    30.0133197,    0.0084057,   -0.0129204  
  423,    0,   50.0160599,   -20.1800393,   -0.0326811,   -0.0237749  
  424,    0,   11.6874192,   -52.0464411,   -0.0336303,    0.0409786  
  425,    0,  -35.7835996,   -38.7581634,    0.0367756,    0.0343736  
  426,    0,  -51.6402715,     7.3365683,    0.0248883,   -0.0231200  
  427,    0,  -23.0433371,    46.1311143,   -0.0056445,   -0.0070971  
  428,    0,   24.5784170,    44.6560365,    0.0144198,   -0.0096350  
  429,    0,   50.1215866,     5.0918556,   -0.0184092,   -0.0336916  
  430,    0,   32.2866274,   -37.8968575,   -0.0451380,    0.0193491  
  431,    0,  -12.6829723,   -47.5278622,    0.0141974,    0.0452976  
  432,    0,  -45.7553093,   -16.3715114,    0.0339292,   -0.0067489  
  433,    0,  -38.9885192,    27.9991679,   -0.0011715,   -0.0141101  
  434,    0,    0.8725659,    47.3966900,    0.0087162,    0.0003210  
  435,    0,   38.9993554,    25.8858226,    0.0046644,   -0.0284325  
  436,    0,   42.9077717,   -17.1591697,   -0.0401248,   -0.0121717  
  437,    0,   10.1306710,   -44.4752123,   -0.0191752,    0.0415272  
  438,    0,  -30.4355180,   -33.1691111,    0.0335708,    0.0218402  
  439,    0,  -43.9960838,     6.1129102,    0.0176889,   -0.0198814  
  440,    0,  -19.7020800,    39.1413104,   -0.0054282,   -0.0066142  
  441,    0,   20.7243720,    37.9287004,    0.0089800,   -0.0051968  
  442,    0,   42.3903948,     4.4378789,   -0.0092749,   -0.0249521  
  443,    0,   27.3501185,   -31.9037675,   -0.0368229,    0.0067391  
  444,    0,  -10.5571155,   -40.0543655,    0.0000000,    0.0412982  
  445,    0,  -38.3931443,   -13.8703017,    0.0373742,    0.0070772  
  446,    0,  -32.7412958,    23.3608758,    0.0106564,   -0.0266472  
  447,    0,    0.6077345,    39.6150208,   -0.0127303,   -0.0083376  
  448,    0,   32.4423349,    21.6772751,   -0.0000000,   -0.0000000  
  449,    0,   35.7131585,   -14.1550510,   -0.0078811,   -0.0121958  
  450,    0,    8.5112629,   -36.8434091,   -0.0246173,    0.0091505  
  451,    0,  -25.0738714,   -27.4947586,    0.0044415,    0.0334722  
  452,    0,  -36.2749415,     4.9267276,    0.0361456,    0.0035600  
  453,    0,  -16.2866570,    32.1103504,    0.0111509,   -0.0320928  
  454,    0,   16.8790952,    31.1177748,   -0.0229875,   -0.0149550  
  455,    0,   34.5963609,     3.7292547,   -0.0131012,    0.0120957  
  456,    0,   22.3335326,   -25.8907709,    0.0031167,    0.0058309  
  457,    0,   -8.4606580,   -32.5045859,   -0.0046552,    0.0010905  
  458,    0,  -30.9858304,   -11.3018496,   -0.0005536,    0.0150295  
  459,    0,  -26.4138506,    18.7242270,    0.0220358,    0.0070554  
  460,    0,    0.3898868,    31.7692363,    0.0157831,   -0.0236211  
  461,    0,   25.8600727,    17.3941433,   -0.0196089,   -0.0234500  
  462,    0,   28.4437144,   -11.1729274,   -0.0272863,    0.0116967  
  463,    0,    6.8314219,   -29.1634756,    0.0028008,    0.0259834  
  464,    0,  -19.7076328,   -21.7440220,    0.0200926,    0.0039967  
  465,    0,  -28.4892894,     3.7803298,    0.0065192,   -0.0117591  
  466,    0,  -12.8022512,    25.0497899,   -0.0039114,   -0.0042105  
  467,    0,   13.0491458,    24.2341022,    0.0017419,   -0.0007914  
  468,    0,   26.7521408,     2.9667566,   -0.0008759,   -0.0088935  
  469,    0,   17.2447097,   -19.8678422,   -0.0144453,   -0.0034774  
  470,    0,   -6.3973454,   -24.8906519,   -0.0105598,    0.0162315  
  471,    0,  -23.5454800,    -8.6699762,    0.0134449,    0.0177839  
  472,    0,  -20.0162218,    14.0970139,    0.0226093,   -0.0068584  
  473,    0,    0.2197216,    23.8720318,    0.0015102,   -0.0234079  
  474,    0,   19.2634132,    13.0430774,   -0.0199732,   -0.0091484  
  475,    0,   21.1110836,    -8.2179373,   -0.0139320,    0.0135110  
  476,    0,    5.0935469,   -21.4479178,    0.0061416,    0.0148272  
  477,    0,  -14.3457276,   -15.9259928,    0.0121749,   -0.0001121  
  478,    0,  -20.6516880,     2.6758866,    0.0029914,   -0.0074801  
  479,    0,   -9.2542256,    17.9711991,   -0.0028048,   -0.0027537  
  480,    0,    9.2409920,    17.2886801,    0.0000000,   -0.0000000  
  481,    0,   18.8704646,     2.1513211,    0.0000549,   -0.0035784  
  482,    0,   12.0916654,   -13.8449225,   -0.0060858,   -0.0027875  
  483,    0,   -4.3707960,   -17.2248162,   -0.0069679,    0.0061233  
  484,    0,  -16.0842336,    -5.9786773,    0.0032788,    0.0108088  
  485,    0,  -13.5586061,     9.4869518,    0.0126317,    0.0017551  
  486,    0,    0.0977844,    15.9361876,    0.0074588,   -0.0114650  
  487,    0,   12.6631821,     8.6309017,   -0.0073686,   -0.0120410  
  488,    0,   13.7270416,    -5.2951043,   -0.0140622,    0.0013850  
  489,    0,    3.3002057,   -13.7092829,   -0.0048429,    0.0129074  
  490,    0,   -8.9970178,   -10.0499235,    0.0089526,    0.0096373  
  491,    0,  -12.7747928,     1.6154244,    0.0118267,   -0.0033904  
  492,    0,   -5.6481146,    10.8861430,    0.0022041,   -0.0110808  
  493,    0,    5.4609995,    10.2926430,   -0.0079413,   -0.0063958  
  494,    0,   10.9641152,     1.2840471,   -0.0083181,    0.0035657  
  495,    0,    6.8825772,    -7.8319038,   -0.0007021,    0.0078700  
  496,    0,   -2.3844945,    -9.5194355,    0.0056413,    0.0037694  
  497,    0,   -8.6142400,    -3.2321169,    0.0050919,   -0.0026221  
  498,    0,   -7.0513422,     4.9016661,    0.0001748,   -0.0047456  
  499,    0,    0.0244657,     7.9745480,   -0.0032820,   -0.0020362  
  500,    0,    6.0701685,     4.1646034,   -0.0027126,    0.0014499  
  501,    0,    6.3034755,    -2.4093286,   -0.0000954,    0.0023900  
  502,    0,    1.4541305,    -5.9601381,    0.0015174,    0.0009872  
  503,    0,   -3.6702875,    -4.1252125,    0.0011941,   -0.0005783  
  504,    0,   -4.8713334,     0.6008217,    0.0000917,   -0.0009309  
  505,    0,   -1.9896156,     3.8061628,   -0.0004988,   -0.0003820  
  506,    0,    1.7154207,     3.2572442,   -0.0003715,    0.0001381  
  507,    0,    3.0459075,     0.3661935,   -0.0000482,    0.0002245  
  508,    0,    1.6257721,    -1.8386112,    0.0000832,    0.0000832  
  509,    0,   -0.4417858,    -1.7869497,    0.0000486,   -0.0000101  
  510,    0,   -1.1476356,    -0.4346213,    0.0000055,   -0.0000137  
  511,    0,   -0.5048935,     0.3486788,   -0.0000010,   -0.0000015  
  512,    0,    0.0000000,    -0.0000000,   -0.0000000,    0.0000000  
  513,    0,   -0.5048935,    -0.3486788,    0.0000010,   -0.0000015  
  514,    0,   -1.1476356,     0.4346213,   -0.0000051,   -0.0000138  
  515,    0,   -0.4417858,     1.7869497,   -0.0000480,   -0.0000128  
  516,    0,    1.6257721,     1.8386112,   -0.0000909,    0.0000746  
  517,    0,    3.0459075,    -0.3661935,    0.0000134,    0.0002292  
  518,    0,    1.7154207,    -3.2572442,    0.0003322,    0.0002161  
  519,    0,   -1.9896156,    -3.8061628,    0.0005896,   -0.0002171  
  520,    0,   -4.8713334,    -0.6008217,    0.0002715,   -0.0008951  
  521,    0,   -3.6702875,     4.1252125,   -0.0007739,   -0.0010777  
  522,    0,    1.4541305,     5.9601381,   -0.0018090,   -0.0000666  
  523,    0,    6.3034755,     2.4093286,   -0.0015456,    0.0018255  
  524,    0,    6.0701685,    -4.1646034,    0.0006000,    0.0030166  
  525,    0,    0.0244657,    -7.9745480,    0.0034229,    0.0017893  
  526,    0,   -7.0513422,    -4.9016661,    0.0043647,   -0.0018710  
  527,    0,   -8.6142400,     3.2321169,    0.0016121,   -0.0054958  
  528,    0,   -2.3844945,     9.5194355,   -0.0037694,   -0.0056413  
  529,    0,    6.8825772,     7.8319038,   -0.0078504,   -0.0008950  
  530,    0,   10.9641152,    -1.2840471,   -0.0066306,    0.0061595  
  531,    0,    5.4609995,   -10.2926430,    0.0003440,    0.0101908  
  532,    0,   -5.6481146,   -10.8861430,    0.0087334,    0.0071673  
  533,    0,  -12.7747928,    -1.6154244,    0.0121528,   -0.0019172  
  534,    0,   -8.9970178,    10.0499235,    0.0071732,   -0.0110260  
  535,    0,    3.3002057,    13.7092829,   -0.0034727,   -0.0133415  
  536,    0,   13.7270416,     5.2951043,   -0.0124618,   -0.0066610  
  537,    0,   12.6631821,    -8.6309017,   -0.0133629,    0.0045513  
  538,    0,    0.0977844,   -15.9361876,   -0.0056958,    0.0124354  
  539,    0,  -13.5586061,    -9.4869518,    0.0046991,    0.0118557  
  540,    0,  -16.0842336,     5.9786773,    0.0104354,    0.0043225  
  541,    0,   -4.3707960,    17.2248162,    0.0085370,   -0.0036285  
  542,    0,   12.0916654,    13.8449225,    0.0024855,   -0.0062153  
  543,    0,   18.8704646,    -2.1513211,   -0.0013999,   -0.0032936  
  544,    0,    9.2409920,   -17.2886801,   -0.0000000,    0.0000000  
  545,    0,   -9.2542256,   -17.9711991,    0.0036541,   -0.0014483  
  546,    0,  -20.6516880,    -2.6758866,    0.0033548,   -0.0073244  
  547,    0,  -14.3457276,    15.9259928,   -0.0039255,   -0.0115253  
  548,    0,    5.0935469,    21.4479178,   -0.0141538,   -0.0075654  
  549,    0,   21.1110836,     8.2179373,   -0.0187816,    0.0048887  
  550,    0,   19.2634132,   -13.0430774,   -0.0119801,    0.0184147  
  551,    0,    0.2197216,   -23.8720318,    0.0036552,    0.0231700  
  552,    0,  -20.0162218,   -14.0970139,    0.0182636,    0.0149886  
  553,    0,  -23.5454800,     8.6699762,    0.0222816,   -0.0007522  
  554,    0,   -6.3973454,    24.8906519,    0.0141872,   -0.0131793  
  555,    0,   17.2447097,    19.8678422,    0.0016830,   -0.0147623  
  556,    0,   26.7521408,    -2.9667566,   -0.0049649,   -0.0074305  
  557,    0,   13.0491458,   -24.2341022,   -0.0018359,   -0.0005385  
  558,    0,  -12.8022512,   -25.0497899,    0.0052821,   -0.0022643  
  559,    0,  -28.4892894,    -3.7803298,    0.0062287,   -0.0119156  
  560,    0,  -19.7076328,    21.7440220,   -0.0039967,   -0.0200926  
  561,    0,    6.8314219,    29.1634756,   -0.0199451,   -0.0168871  
  562,    0,   28.4437144,    11.1729274,   -0.0296675,   -0.0010927  
  563,    0,   25.8600727,   -17.3941433,   -0.0248290,    0.0178307  
  564,    0,    0.3898868,   -31.7692363,   -0.0082466,    0.0271855  
  565,    0,  -26.4138506,   -18.7242270,    0.0079951,    0.0217126  
  566,    0,  -30.9858304,    11.3018496,    0.0126066,    0.0082015  
  567,    0,   -8.4606580,    32.5045859,    0.0047730,   -0.0002785  
  568,    0,   22.3335326,    25.8907709,   -0.0051108,    0.0041944  
  569,    0,   34.5963609,    -3.7292547,   -0.0045974,    0.0172283  
  570,    0,   16.8790952,   -31.1177748,    0.0095550,    0.0257056  
  571,    0,  -16.2866570,   -32.1103504,    0.0279562,    0.0193065  
  572,    0,  -36.2749415,    -4.9267276,    0.0363205,    0.0000000  
  573,    0,  -25.0738714,    27.4947586,    0.0279012,   -0.0190168  
  574,    0,    8.5112629,    36.8434091,    0.0097519,   -0.0243853  
  575,    0,   35.7131585,    14.1550510,   -0.0029638,   -0.0142149  
  576,    0,   32.4423349,   -21.6772751,    0.0000000,   -0.0000000  
  577,    0,    0.6077345,   -39.6150208,    0.0148779,    0.0031974  
  578,    0,  -32.7412958,   -23.3608758,    0.0269007,   -0.0099993  
  579,    0,  -38.3931443,    13.8703017,    0.0231254,   -0.0302016  
  580,    0,  -10.5571155,    40.0543655,    0.0040479,   -0.0410993  
  581,    0,   27.3501185,    31.9037675,   -0.0163161,   -0.0336917  
  582,    0,   42.3903948,    -4.4378789,   -0.0223136,   -0.0145166  
  583,    0,   20.7243720,   -37.9287004,   -0.0103671,   -0.0004137  
  584,    0,  -19.7020800,   -39.1413104,    0.0075461,   -0.0040335  
  585,    0,  -43.9960838,    -6.1129102,    0.0140295,   -0.0226128  
  586,    0,  -30.4355180,    33.1691111,    0.0014741,   -0.0400227  
  587,    0,   10.1306710,    44.4752123,   -0.0209406,   -0.0406656  
  588,    0,   42.9077717,    17.1591697,   -0.0348638,   -0.0232953  
  589,    0,   38.9993554,   -25.8858226,   -0.0286986,   -0.0025601  
  590,    0,    0.8725659,   -47.3966900,   -0.0080166,    0.0034365  
  591,    0,  -38.9885192,   -27.9991679,    0.0088810,   -0.0110270  
  592,    0,  -45.7553093,    16.3715114,    0.0067489,   -0.0339292  
  593,    0,  -12.6829723,    47.5278622,   -0.0130815,   -0.0456324  
  594,    0,   32.2866274,    37.8968575,   -0.0334246,   -0.0359809  
  595,    0,   50.1215866,    -5.0918556,   -0.0359461,   -0.0134872  
  596,    0,   24.5784170,   -44.6560365,   -0.0172591,    0.0016999  
  597,    0,  -23.0433371,   -46.1311143,    0.0077347,   -0.0047333  
  598,    0,  -51.6402715,    -7.3365683,    0.0185247,   -0.0284745  
  599,    0,  -35.7835996,    38.7581634,    0.0069276,   -0.0498598  
  600,    0,   11.6874192,    52.0464411,   -0.0153885,   -0.0507290  
  601,    0,   50.0160599,    20.1800393,   -0.0266779,   -0.0303577  
  602,    0,   45.5202897,   -30.0133197,   -0.0140139,   -0.0064189  
  603,    0,    1.1835303,   -55.1016548,    0.0150971,    0.0002316  
  604,    0,  -45.1456574,   -32.6312475,    0.0387726,   -0.0160601  
  605,    0,  -53.0602613,    18.8018382,    0.0395654,   -0.0403005  
  606,    0,  -14.8343626,    54.9130911,    0.0197743,   -0.0494471  
  607,    0,   37.1354071,    43.8600506,   -0.0002982,   -0.0324019  
  608,    0,   57.7773754,    -5.6905748,   -0.0000000,    0.0000000  
  609,    0,   28.4345910,   -51.2891132,    0.0232750,    0.0240003  
  610,    0,  -26.3054335,   -53.0682401,    0.0511216,    0.0234154  
  611,    0,  -59.1951962,    -8.5952571,    0.0595633,    0.0038428  
  612,    0,  -41.1091101,    44.2531898,    0.0397633,   -0.0120621  
  613,    0,   13.1794558,    59.5447340,    0.0059543,   -0.0045016  
  614,    0,   57.0266979,    23.2123191,   -0.0166172,    0.0255425  
  615,    0,   51.9943111,   -34.0534954,   -0.0135302,    0.0562054  
  616,    0,    1.5396271,   -62.7174531,    0.0062028,    0.0629780  
  617,    0,  -51.2030380,   -37.2492082,    0.0180467,    0.0397217  
  618,    0,  -60.2960052,    21.1578274,    0.0038455,    0.0041396  
  619,    0,  -17.0073068,    62.1982312,   -0.0312766,   -0.0173397  
  620,    0,   41.8890055,    49.7833573,   -0.0620485,   -0.0123422  
  621,    0,   65.3453166,    -6.2335908,   -0.0640012,    0.0068989  
  622,    0,   32.2861865,   -57.8174506,   -0.0343508,    0.0147250  
  623,    0,  -29.4835700,   -59.9412194,    0.0053661,   -0.0044871  
  624,    0,  -66.6487059,    -9.8864016,    0.0274537,   -0.0410874  
  625,    0,  -46.4030265,    49.6456683,    0.0214188,   -0.0668965  
  626,    0,   14.6049070,    66.9578328,    0.0021622,   -0.0587029  
  627,    0,   63.9285481,    26.2505816,   -0.0043263,   -0.0184689  
  628,    0,   58.4106291,   -38.0002826,    0.0146323,    0.0273752  
  629,    0,    1.9397083,   -70.2317702,    0.0455080,    0.0492909  
  630,    0,  -57.1511948,   -41.8451077,    0.0591058,    0.0384525  
  631,    0,  -67.4506346,    23.4362152,    0.0360674,    0.0125319  
  632,    0,  -19.1977195,    69.3716445,   -0.0146274,   -0.0014407  
  633,    0,   46.5401819,    55.6568063,   -0.0606743,    0.0080511  
  634,    0,   72.8131019,    -6.7206218,   -0.0714748,    0.0265679  
  635,    0,   36.1264397,   -64.2307757,   -0.0423171,    0.0273459  
  636,    0,  -32.5731502,   -66.7386562,    0.0027100,   -0.0027100  
  637,    0,  -73.9888251,   -11.2073014,    0.0313610,   -0.0478834  
  638,    0,  -51.6563239,    54.9272947,    0.0295177,   -0.0738112  
  639,    0,   15.9620790,    74.2736031,    0.0105188,   -0.0555485  
  640,    0,   70.7106781,    29.2893219,    0.0000000,    0.0000000  
  641,    0,   64.7585082,   -41.8478282,    0.0104196,    0.0569339  
  642,    0,    2.3824816,   -77.6324597,    0.0286757,    0.0771454  
  643,    0,  -62.9808830,   -46.4109810,    0.0285794,    0.0493842  
  644,    0,  -74.5123518,    25.6339331,   -0.0026062,   -0.0031756  
  645,    0,  -21.4014170,    76.4218947,   -0.0478914,   -0.0426100  
  646,    0,   51.0819190,    61.4704612,   -0.0709367,   -0.0461494  
  647,    0,   80.1685803,    -7.1515497,   -0.0462432,   -0.0213528  
  648,    0,   39.9485422,   -70.5190391,    0.0161629,    0.0049030  
  649,    0,  -35.5697875,   -73.4492462,    0.0740224,    0.0121434  
  650,    0,  -81.2037746,   -12.5551360,    0.0838473,    0.0030883  
  651,    0,  -56.8599915,    60.0899950,    0.0355879,   -0.0029547  
  652,    0,   17.2494599,    81.4800545,   -0.0375140,    0.0074620  
  653,    0,   77.3623792,    32.3229681,   -0.0830104,    0.0260176  
  654,    0,   71.0272857,   -45.5905016,   -0.0689027,    0.0295362  
  655,    0,    2.8665128,   -84.9075627,   -0.0076371,    0.0041729  
  656,    0,  -68.6830942,   -50.9388544,    0.0543113,   -0.0362897  
  657,    0,  -81.4694880,    27.7481124,    0.0724996,   -0.0576607  
  658,    0,  -23.6141248,    83.3377666,    0.0374950,   -0.0348311  
  659,    0,   55.5074331,    67.2144377,   -0.0204479,    0.0218768  
  660,    0,   87.3997781,    -7.5264189,   -0.0569392,    0.0693806  
  661,    0,   43.7456537,   -76.6724309,   -0.0476546,    0.0655063  
  662,    0,  -38.4693111,   -80.0617966,   -0.0045297,    0.0069627  
  663,    0,  -88.2819907,   -13.9269711,    0.0366932,   -0.0625167  
  664,    0,  -62.0050482,    65.1259388,    0.0454535,   -0.0850375  
  665,    0,   18.4657213,    88.5653606,    0.0185731,   -0.0377598  
  666,    0,   83.8731829,    35.3458914,   -0.0200432,    0.0437592  
  667,    0,   77.2063900,   -49.2229031,   -0.0396241,    0.0916585  
  668,    0,    3.3902302,   -92.0453286,   -0.0260425,    0.0628722  
  669,    0,  -74.2490704,   -55.4207599,    0.0084842,   -0.0210280  
  670,    0,  -88.3105226,    29.7760873,    0.0354634,   -0.0886788  
  671,    0,  -25.8314863,    90.1082837,    0.0321729,   -0.0797403  
  672,    0,   59.8101848,    72.8789210,    0.0000000,    0.0000000  
  673,    0,   94.4949188,    -7.8454354,   -0.0347697,    0.0804294  
  674,    0,   47.5109136,   -82.6813965,   -0.0405491,    0.0885287  
  675,    0,  -41.2677723,   -86.5652443,   -0.0079104,    0.0160821  
  676,    0,  -95.2121444,   -15.3197638,    0.0375474,   -0.0702463  
  677,    0,  -67.0825583,    70.0275509,    0.0527798,   -0.0899245  
  678,    0,   19.6097194,    95.5178792,    0.0165653,   -0.0254627  
  679,    0,   90.2328785,    38.3524164,   -0.0435459,    0.0598585  
  680,    0,   83.2853590,   -52.7398719,   -0.0688426,    0.0838849  
  681,    0,    3.9519276,   -99.0342336,   -0.0254152,    0.0271913  
  682,    0,  -79.6703176,   -59.8487495,    0.0529404,   -0.0491791  
  683,    0,  -95.0241029,    31.7153988,    0.0871140,   -0.0692839  
  684,    0,  -28.0490708,    96.7227263,    0.0318858,   -0.0213054  
  685,    0,   63.9838887,    78.4541827,   -0.0659413,    0.0360305  
  686,    0,  101.4424430,    -8.1089653,   -0.1038044,    0.0444973  
  687,    0,   51.2374542,   -88.5366517,   -0.0318759,    0.0099907  
  688,    0,  -43.9614494,   -92.9486753,    0.0811875,   -0.0161492  
  689,    0, -101.9831595,   -16.7303695,    0.1123139,   -0.0093249  
  690,    0,  -72.0836470,    74.7875231,    0.0217123,    0.0007997  
  691,    0,   20.6804952,   102.3261715,   -0.0932047,   -0.0152903  
  692,    0,   96.4315288,    41.3368319,   -0.1041087,   -0.0315810  
  693,    0,   89.2538581,   -56.1364937,   -0.0023625,   -0.0010909  
  694,    0,    4.5497688,  -105.8630003,    0.0907788,    0.0590581  
  695,    0,  -84.9386198,   -64.2149087,    0.0735468,    0.0654361  
  696,    0, -101.5990633,    33.5637969,   -0.0153072,   -0.0186518  
  697,    0,  -30.2623826,   103.1706488,   -0.0605480,   -0.1046249  
  698,    0,   68.0225230,    83.9305973,   -0.0272937,   -0.0734274  
  699,    0,  108.2310271,    -8.3175322,    0.0102780,    0.0561599  
  700,    0,   54.9184127,   -94.2291976,    0.0000000,    0.1269117  
  701,    0,  -46.5468528,   -99.2013432,   -0.0084973,    0.0448737  
  702,    0, -108.5842312,   -18.1555484,    0.0342242,   -0.0855802  
  703,    0,  -76.9995168,    79.3988255,    0.0655379,   -0.1000660  
  704,    0,   21.6772751,   108.9790214,    0.0000000,    0.0000000  
  705,    0,  102.4594865,    44.2934015,   -0.1020687,    0.0659582  
  706,    0,   95.1016979,   -59.4081071,   -0.0865691,    0.0321786  
  707,    0,    5.1817924,  -112.5206162,    0.0538469,   -0.0071451  
  708,    0,  -90.0460506,   -68.5113716,    0.1331936,    0.0131184  
  709,    0, -108.0244442,    35.3192433,    0.0395951,    0.0137576  
  710,    0,  -32.4668692,   109.4418969,   -0.0888520,   -0.0578046  
  711,    0,   71.9203377,    89.2986600,   -0.0793677,   -0.0859653  
  712,    0,  114.8496028,    -8.4718157,    0.0126502,    0.0236669  
  713,    0,   58.5469441,   -99.7503344,    0.0312495,    0.1334049  
  714,    0,  -49.0207295,  -105.3126879,   -0.0023622,    0.0641350  
  715,    0, -115.0048434,   -19.5919721,    0.0295864,   -0.0924063  
  716,    0,  -81.8214621,    83.8547168,    0.0709006,   -0.1061103  
  717,    0,   22.5994707,   115.4654542,   -0.0136746,    0.0114347  
  718,    0,  108.3074096,    47.2163746,   -0.1292168,    0.0553907  
  719,    0,  100.8188518,   -62.5503105,   -0.0670684,    0.0072295  
  720,    0,    5.8459159,  -118.9963517,    0.1004589,    0.0199825  
  721,    0,  -94.9849866,   -72.7303346,    0.1122611,    0.0622374  
  722,    0, -114.2895105,    36.9799134,   -0.0206816,   -0.0222634  
  723,    0,  -34.6579310,   115.5266234,   -0.0609255,   -0.1341005  
  724,    0,   75.6718639,    94.5490025,   -0.0049070,   -0.0498218  
  725,    0,  121.2873751,    -8.5726480,   -0.0286782,    0.1191314  
  726,    0,   62.1162341,  -105.0916756,   -0.0628001,    0.0965307  
  727,    0,  -51.3800672,  -111.2723532,    0.0519918,   -0.0393066  
  728,    0, -121.2347862,   -21.0362310,    0.1430574,   -0.0433960  
  729,    0,  -86.5408859,    88.1487546,    0.0070418,    0.0004543  
  730,    0,   23.4466777,   121.7747557,   -0.1347869,   -0.0617369  
  731,    0,  113.9662758,    50.0999975,   -0.0530140,   -0.0546660  
  732,    0,  106.3954740,   -65.5589681,    0.0443238,    0.1070071  
  733,    0,    6.5399413,  -125.2797780,    0.0011811,    0.1283246  
  734,    0,  -99.7481181,   -76.8640710,    0.0231577,   -0.0579075  
  735,    0, -120.3837703,    38.5441973,    0.1093811,   -0.1114133  
  736,    0,  -36.8309299,   121.4153045,   -0.0000000,   -0.0000000  
  737,    0,   79.2719206,    99.6724101,   -0.1582721,   -0.0024281  
  738,    0,  127.5338402,    -8.6210115,   -0.0547924,   -0.0250967  
  739,    0,   65.6195112,  -110.2451601,    0.0912602,    0.1038479  
  740,    0,  -53.6220972,  -117.0702051,    0.0320372,    0.1056124  
  741,    0, -127.2641721,   -22.4848411,    0.0140563,   -0.1011667  
  742,    0,  -91.1493144,    92.2748049,    0.0794957,   -0.1221937  
  743,    0,   24.2186757,   127.8964896,   -0.0485255,    0.0296955  
  744,    0,  119.4273970,    52.9385242,   -0.1644448,    0.0161964  
  745,    0,  111.8219161,   -68.4302148,    0.0082744,    0.0031046  
  746,    0,    7.2615602,  -131.3607840,    0.1156682,    0.1245146  
  747,    0, -104.3284605,   -80.9049449,    0.0102216,    0.0356560  
  748,    0, -126.2969924,    40.0107012,    0.0317231,   -0.1594830  
  749,    0,  -38.9811993,   127.0987548,    0.0487086,   -0.0604782  
  750,    0,   82.7156224,   104.6598379,   -0.1347087,    0.0577449  
  751,    0,  133.5788037,    -8.6180348,   -0.1107528,   -0.0098799  
  752,    0,   69.0500603,  -115.2030658,    0.1040773,    0.0695422  
  753,    0,  -55.7442981,  -122.6963492,    0.0628751,    0.1220999  
  754,    0, -133.0834524,   -23.9342524,    0.0037318,   -0.1013195  
  755,    0,  -95.6384128,    96.2270505,    0.0825716,   -0.1330893  
  756,    0,   24.9154261,   133.8205151,   -0.0684141,    0.0365681  
  757,    0,  124.6824332,    55.7262279,   -0.1699853,   -0.0067832  
  758,    0,  117.0887442,   -71.1604613,    0.0464988,    0.0302508  
  759,    0,    8.0083598,  -137.2295933,    0.0780780,    0.1612258  
  760,    0, -108.7193650,   -84.8454252,    0.0035558,   -0.0361029  
  761,    0, -132.0192239,    41.3782478,    0.1124637,   -0.1468763  
  762,    0,  -41.1040529,   132.5681424,   -0.0194493,    0.0072295  
  763,    0,   85.9983862,   109.5024269,   -0.1846379,   -0.0396804  
  764,    0,  139.4123968,    -8.5649892,    0.0066123,    0.0066123  
  765,    0,   72.4012346,  -119.9580203,    0.0391230,    0.1876417  
  766,    0,  -57.7443975,  -128.1411479,    0.0008791,   -0.0021983  
  767,    0, -138.6834326,   -25.3808557,    0.1604028,   -0.1093265  
  768,    0, -100.0000000,   100.0000000,   -0.0000000,    0.0000000  
  769,    0,   25.5370704,   139.5370049,   -0.1617012,   -0.1116707  
  770,    0,  129.7234048,    58.4574119,    0.0008454,    0.0022743  
  771,    0,  122.1867558,   -73.7463986,   -0.0512737,    0.1921418  
  772,    0,    8.7778282,  -142.8767801,    0.0075923,   -0.0062308  
  773,    0, -112.9145279,   -88.6781002,    0.2004653,   -0.0116986  
  774,    0, -137.5408073,    42.6458765,   -0.0187220,   -0.0121800  
  775,    0,  -43.1947950,   137.8150022,   -0.0696568,   -0.1891703  
  776,    0,   89.1159370,   114.1915201,   -0.0116176,    0.0382981  
  777,    0,  145.0250933,    -8.4632848,   -0.1625044,    0.1167007  
  778,    0,   75.6664690,  -124.5030128,    0.0626781,    0.0023086  
  779,    0,  -59.6203747,  -133.3952372,    0.1486137,    0.1258282  
  780,    0, -144.0552870,   -26.8209912,   -0.0175374,   -0.0881663  
  781,    0, -104.2260642,   103.5884951,    0.0851214,   -0.1628385  
  782,    0,   26.0839285,   145.0364607,   -0.1106785,    0.0474440  
  783,    0,  134.5427061,    61.1264212,   -0.1584617,   -0.0464806  
  784,    0,  127.1069958,   -76.1850014,    0.0846563,    0.1266971  
  785,    0,    9.5673614,  -148.2932847,   -0.0155225,    0.1361570  
  786,    0, -116.9080002,   -92.3956906,    0.1339843,   -0.1244650  
  787,    0, -142.8523973,    43.8128428,    0.0980413,   -0.0033099  
  788,    0,  -45.2487296,   142.8312500,   -0.1607631,   -0.1319348  
  789,    0,   92.0643133,   118.7186777,   -0.0074845,   -0.0474435  
  790,    0,  150.4077253,    -8.3144659,   -0.1215026,    0.1867629  
  791,    0,   78.8392920,  -128.8314047,    0.0113525,   -0.0029550  
  792,    0,  -61.3704616,  -138.4495429,    0.1958490,    0.1046835  
  793,    0, -149.1905734,   -28.2509562,   -0.0249581,   -0.0732780  
  794,    0, -108.3087769,   106.9877176,    0.0836356,   -0.1825970  
  795,    0,   26.5564954,   150.3097301,   -0.1324545,    0.0524989  
  796,    0,  139.1331159,    63.7276536,   -0.1440170,   -0.0596538  
  797,    0,  131.8407724,   -78.4735315,    0.0773408,    0.1819620  
  798,    0,   10.3742687,  -153.4704281,   -0.0324056,    0.0810325  
  799,    0, -120.6941958,   -95.9910641,    0.2136074,   -0.0907913  
  800,    0, -147.9449766,    44.8786180,    0.0000000,    0.0000000  
  801,    0,  -47.2611708,   147.6091950,   -0.0864929,   -0.2182215  
  802,    0,   94.8398724,   123.0756927,   -0.0395391,    0.0863235  
  803,    0,  155.5514984,    -8.1202065,   -0.1872758,    0.0637852  
  804,    0,   81.9133390,  -132.9369388,    0.1594674,    0.0852371  
  805,    0,  -62.9931439,  -143.2952967,    0.0303254,    0.1165057  
  806,    0, -154.0812463,   -29.6670136,    0.1294327,   -0.1989523  
  807,    0, -112.2405081,   110.1931961,    0.0113009,   -0.0017828  
  808,    0,   26.9554389,   155.3480219,   -0.1897439,   -0.1557188  
  809,    0,  143.4878094,    66.2555709,    0.0036569,    0.1083200  
  810,    0,  136.3796729,   -80.6095405,   -0.1420911,    0.1319959  
  811,    0,   11.1957805,  -158.3999270,    0.2076507,    0.0236732  
  812,    0, -124.2678999,   -99.4572482,    0.0480462,    0.0719062  
  813,    0, -152.8098714,    45.8428873,    0.0725340,   -0.2472832  
  814,    0,  -49.2274521,   152.1415517,   -0.0494931,    0.0212160  
  815,    0,   97.4392943,   127.2546057,   -0.2041768,   -0.1067304  
  816,    0,  160.4480066,    -7.8823051,    0.0363288,    0.1826374  
  817,    0,   84.8823643,  -136.8137493,   -0.0802700,    0.0948057  
  818,    0,  -64.4871616,  -147.9240514,    0.2620695,    0.0096526  
  819,    0, -158.7196702,   -31.0654001,   -0.0196469,   -0.0273581  
  820,    0, -116.0138399,   113.2008117,    0.0709087,   -0.2337548  
  821,    0,   27.2815957,   160.1429210,   -0.1765494,    0.0650095  
  822,    0,  147.6003680,    68.7047103,   -0.1056728,   -0.0687477  
  823,    0,  140.7155783,   -82.5908720,    0.0158849,    0.2722005  
  824,    0,   12.0290540,  -163.0739063,    0.0418221,   -0.0343225  
  825,    0, -127.6242756,  -102.7874439,    0.2309029,    0.0616172  
  826,    0, -157.4387669,    46.7055488,   -0.0764301,   -0.2056173  
  827,    0,  -51.1429367,   156.4214516,    0.0499443,   -0.0723203  
  828,    0,   99.8595855,   131.2477197,   -0.2843372,    0.0000000  
  829,    0,  165.0892462,    -7.6026797,    0.0658546,    0.0966213  
  830,    0,   87.7402533,  -140.4563699,   -0.0748028,    0.1870499  
  831,    0,  -65.8515089,  -152.3276960,    0.2629549,   -0.0548256  
  832,    0, -163.0986314,   -32.4423349,   -0.0000000,   -0.0000000  
  833,    0, -119.6215807,   116.0068031,    0.0570476,   -0.2654496  
  834,    0,   27.5359684,   164.6864027,   -0.1987318,    0.0738707  
  835,    0,  151.4647893,    71.0696954,   -0.0845351,   -0.0647288  
  836,    0,  144.8406786,   -84.4156627,   -0.0293910,    0.2984114  
  837,    0,   12.8711811,  -167.4849131,    0.1230491,   -0.0595898  
  838,    0, -130.7588710,  -105.9750388,    0.1593763,    0.1036857  
  839,    0, -161.8237213,    47.4667110,    0.0118580,   -0.2971583  
  840,    0,  -53.0030273,   160.4424537,   -0.0530671,    0.0283649  
  841,    0,  102.0980822,   135.0476138,   -0.2114634,   -0.1311967  
  842,    0,  169.4676294,    -7.2833619,   -0.0102151,    0.2773415  
  843,    0,   90.4810350,  -143.8597414,   -0.0060101,    0.0030949  
  844,    0,  -67.0854339,  -156.4984701,    0.2382488,    0.1591928  
  845,    0, -167.2113495,   -33.7940280,    0.0224098,   -0.2512127  
  846,    0, -123.0567790,   118.6077711,    0.0540657,   -0.0231761  
  847,    0,   27.7197207,   168.9708466,   -0.2409500,   -0.1940590  
  848,    0,  155.0754960,    73.3452472,   -0.0449522,    0.2259899  
  849,    0,  148.7474862,   -86.0823440,   -0.0906388,    0.0259836  
  850,    0,   13.7191953,  -171.6259279,    0.2200217,    0.2368493  
  851,    0, -133.6676248,  -109.0136197,    0.0766262,   -0.2042242  
  852,    0, -165.9571798,    48.1266903,    0.1123542,   -0.0110659  
  853,    0,  -54.8031760,   164.1985543,   -0.1734766,   -0.2834783  
  854,    0,  104.1524527,   138.6471575,   -0.1193362,    0.1834329  
  855,    0,  173.5759965,    -6.9264914,   -0.1132474,   -0.0157348  
  856,    0,   93.0988939,  -147.0192193,    0.0981598,    0.3235894  
  857,    0,  -68.1884370,  -160.4289776,    0.1757653,   -0.1544603  
  858,    0, -171.0514887,   -35.1166894,    0.0885671,    0.0405667  
  859,    0, -126.3127359,   121.0006828,    0.0052037,   -0.3392051  
  860,    0,   27.8341737,   172.9890493,   -0.2429188,    0.1006203  
  861,    0,  158.4273438,    75.5261954,   -0.0428363,   -0.0420550  
  862,    0,  152.4288501,   -87.5896422,   -0.1228864,    0.3072865  
  863,    0,   14.5700789,  -175.4903765,    0.3021970,   -0.0027815  
  864,    0, -136.3468713,  -111.8969855,   -0.0000000,   -0.0000000  
  865,    0, -169.8319879,    48.6860085,    0.2192723,   -0.2126462  
  866,    0,  -56.5388940,   167.6841963,   -0.3130679,   -0.1433957  
  867,    0,  106.0206990,   142.0395237,   -0.0053426,    0.0828099  
  868,    0,  177.4076284,    -6.5343099,   -0.2419188,    0.0733853  
  869,    0,   95.5881813,  -149.9305798,    0.2270995,    0.3003900  
  870,    0,  -69.1602702,  -164.1122000,    0.1004884,   -0.1544617  
  871,    0, -174.6131670,   -36.4065370,    0.1590283,    0.0382825  
  872,    0, -129.3830189,   123.1828742,   -0.0373018,   -0.3787311  
  873,    0,   27.8808009,   176.7342370,   -0.2644990,    0.1201691  
  874,    0,  161.5156292,    77.6074889,   -0.0230084,   -0.0247681  
  875,    0,  155.8779689,   -88.9365782,   -0.1623435,    0.2928284  
  876,    0,   15.4207708,  -179.0721409,    0.3695407,    0.0735062  
  877,    0, -138.7933451,  -114.6191589,   -0.0136842,   -0.1269490  
  878,    0, -173.4414037,    49.1453889,    0.2037350,   -0.0873341  
  879,    0,  -58.2057618,   170.8942775,   -0.2614669,   -0.3126850  
  880,    0,  107.7011586,   145.2182017,   -0.1622278,    0.2427910  
  881,    0,  180.9562575,    -6.1091547,   -0.0376463,   -0.0120535  
  882,    0,   97.9434274,  -152.5900255,   -0.0127351,    0.3457596  
  883,    0,  -70.0009346,  -167.5415088,    0.3972516,   -0.0930545  
  884,    0, -177.8909662,   -37.6598064,   -0.0859432,   -0.1607883  
  885,    0, -132.2614736,   125.1520534,    0.1271129,   -0.1173574  
  886,    0,   27.8612231,   180.2000771,   -0.3463392,   -0.2253183  
  887,    0,  164.3360960,    79.5842069,   -0.1232460,    0.3547085  
  888,    0,  159.0884031,   -90.1224672,    0.0855464,    0.0084256  
  889,    0,   16.2681741,  -182.3655685,    0.0346698,    0.2612783  
  890,    0, -141.0041849,  -117.1743991,    0.4173861,   -0.1551468  
  891,    0, -176.7791101,    49.5057530,   -0.1861680,   -0.2880905  
  892,    0,  -59.7994391,   173.8241582,   -0.0158086,    0.0158086  
  893,    0,  109.1925047,   148.1770095,   -0.2642098,   -0.1730433  
  894,    0,  184.2160782,    -5.6534524,   -0.1720785,    0.4302950  
  895,    0,  100.1593523,  -154.9941903,    0.3257706,    0.0616884  
  896,    0,  -70.7106781,  -170.7106781,   -0.0000000,   -0.0000000  
  897,    0, -180.8799395,   -38.8727590,    0.3298227,   -0.0603618  
  898,    0, -134.9422359,   126.9063020,   -0.1671700,   -0.4497319  
  899,    0,   27.7772034,   183.3806891,   -0.3043286,    0.1761194  
  900,    0,  166.8849412,    81.4515689,    0.0152028,    0.0185247  
  901,    0,  162.0540874,   -91.1469174,   -0.2131859,    0.2396098  
  902,    0,   17.1091640,  -185.3654821,    0.4142434,    0.2694949  
  903,    0, -142.9769363,  -119.5572125,    0.1693282,   -0.3667093  
  904,    0, -179.8392258,    49.7682164,   -0.0945264,   -0.0286743  
  905,    0,  -61.3156740,   176.4696683,    0.0423101,   -0.2579090  
  906,    0,  110.4937463,   150.9101054,   -0.4913161,   -0.0180962  
  907,    0,  187.1817568,    -5.1697118,    0.0394286,    0.4749001  
  908,    0,  102.2308772,  -157.1401435,    0.2203390,   -0.0438281  
  909,    0,  -71.2899927,  -173.6138953,    0.0418415,    0.1334972  
  910,    0, -183.5756201,   -40.0416911,    0.4058361,   -0.1739678  
  911,    0, -137.4197439,   128.4440763,   -0.2580558,   -0.4722807  
  912,    0,   27.6306415,   186.2706545,   -0.3209328,    0.2144405  
  913,    0,  169.1588199,    83.2049456,    0.0346763,    0.0436002  
  914,    0,  164.7693420,   -92.0098283,   -0.2223832,    0.2065834  
  915,    0,   17.9405954,  -188.0671874,    0.3895396,    0.3640965  
  916,    0, -144.7095543,  -121.7623647,    0.3391113,   -0.4132083  
  917,    0, -182.6163158,    49.9340840,   -0.2492897,   -0.1813534  
  918,    0,  -62.7503129,   178.8271129,    0.0271022,   -0.0416590  
  919,    0,  111.6042279,   153.4119998,   -0.3377723,   -0.1982503  
  920,    0,  189.8484401,    -4.6605176,   -0.2733438,    0.5113902  
  921,    0,  104.1531346,  -159.0253930,    0.4852675,    0.2386908  
  922,    0,  -71.7396106,  -176.2457722,    0.1212062,   -0.2646228  
  923,    0, -185.9740271,   -41.1629427,    0.0668363,    0.0288934  
  924,    0, -139.6887485,   129.7642085,    0.1584421,   -0.3825132  
  925,    0,   27.4235676,   188.8650265,   -0.5634567,   -0.2273386  
  926,    0,  171.1548501,    84.8398688,   -0.2171773,    0.5430678  
  927,    0,  167.2288832,   -92.7113884,    0.3296037,    0.1329856  
  928,    0,   18.7593110,  -190.4664813,   -0.0000000,    0.0000000  
  929,    0, -146.2004048,  -123.7848905,    0.3304787,    0.1428665  
  930,    0, -185.1054012,    50.0048454,    0.2519905,   -0.5501571  
  931,    0,  -64.0993102,   180.8932779,   -0.5890069,   -0.2897176  
  932,    0,  112.5236281,   155.6775656,   -0.2352427,    0.4401082  
  933,    0,  192.2117639,    -4.1285229,    0.1584514,    0.0930006  
  934,    0,  105.9214796,  -160.6478883,   -0.1046915,    0.1609224  
  935,    0,  -72.0605014,  -178.6013547,    0.4167230,    0.3031578  
  936,    0, -188.0716721,   -42.2329062,    0.4391318,   -0.5350837  
  937,    0, -141.7443245,   130.8659056,   -0.4918641,   -0.4597377  
  938,    0,   27.1581365,   191.1593386,   -0.3410424,    0.3168122  
  939,    0,  172.8706160,    86.3520412,    0.0792645,    0.0996631  
  940,    0,  169.4278336,   -93.2520725,   -0.2075721,    0.1386952  
  941,    0,   19.5621495,  -192.5596580,    0.2717167,    0.4972821  
  942,    0, -147.4482657,  -125.6201052,    0.6833066,   -0.2929097  
  943,    0, -187.3019680,    49.9821698,   -0.2204946,   -0.7034984  
  944,    0,  -65.3587373,   182.6654339,   -0.5407591,    0.1075637  
  945,    0,  113.2519579,   157.7020481,    0.0191664,    0.2308508  
  946,    0,  194.2678601,    -3.5764419,   -0.1464314,   -0.0053934  
  947,    0,  107.5314989,  -162.0060221,   -0.0804896,    0.4906400  
  948,    0,  -72.2538666,  -180.6761323,    0.7114478,    0.2158153  
  949,    0, -189.8655641,   -43.2480354,    0.3494595,   -0.7568145  
  950,    0, -143.5818802,   131.7487495,   -0.6290613,   -0.4092493  
  951,    0,   26.8366213,   193.1496122,   -0.3409264,    0.3831835  
  952,    0,  174.3041707,    87.7373464,    0.1076457,    0.1311667  
  953,    0,  171.3617318,   -93.6326383,   -0.1833017,    0.1060794  
  954,    0,   20.3459533,  -194.3435151,    0.1949469,    0.5244592  
  955,    0, -148.4523268,  -127.2636135,    0.7972756,   -0.1459117  
  956,    0, -189.2019757,    49.8679004,   -0.0000000,   -0.9214726  
  957,    0,  -66.5247922,   184.1413403,   -0.8597407,   -0.1628018  
  958,    0,  113.7895586,   159.4810753,   -0.2528355,    0.6322339  
  959,    0,  196.0133630,    -3.0070432,    0.3116657,    0.2041244  
  960,    0,  108.9790214,  -163.0986314,   -0.0000000,   -0.0000000  
  961,    0,  -72.3211361,  -182.4660465,    0.2057279,    0.3183590  
  962,    0, -191.3532140,   -44.2048537,    0.6640368,   -0.2468294  
  963,    0, -145.1971672,   132.4126952,   -0.1238651,   -0.9334712  
  964,    0,   26.4614066,   194.8323637,   -1.0427127,   -0.1026982  
  965,    0,  175.4540380,    88.9918579,   -0.3329245,    0.9581738  
  966,    0,  173.0265409,   -93.8541229,    0.7107217,    0.4623752  
  967,    0,   21.1075770,  -195.8153586,    0.4197054,   -0.3874944  
  968,    0, -149.2121894,  -128.7113198,   -0.1035170,   -0.1936667  
  969,    0, -190.8018644,    49.6640483,    0.1604021,   -0.0375735  
  970,    0,  -67.5938080,   185.3192479,    0.0198010,   -0.5375999  
  971,    0,  114.1370983,   161.0106661,   -0.8187952,   -0.2621599  
  972,    0,  197.4454152,    -2.4231414,   -0.6096388,    0.9123889  
  973,    0,  110.2601269,  -163.9249976,    0.7879242,    0.9422684  
  974,    0,  -72.2639624,  -183.9674986,    1.1414431,   -0.4892968  
  975,    0, -192.5326380,   -45.0999632,   -0.1220724,   -1.1324679  
  976,    0, -146.5862896,   132.8580686,   -0.9131507,   -0.1816370  
  977,    0,   26.0349817,   196.2046106,   -0.3092092,    0.5577385  
  978,    0,  176.3192139,    90.1118484,    0.1937859,    0.2086069  
  979,    0,  174.4186565,   -93.9178382,   -0.0902330,    0.0409953  
  980,    0,   21.8438951,  -196.9730072,    0.0474863,    0.4821363  
  981,    0, -149.7278653,  -129.9594367,    0.8204067,    0.1974947  
  982,    0, -192.0985615,    49.3727869,    0.6289696,   -0.9667957  
  983,    0,  -68.5622622,   186.1979003,   -0.8408009,   -1.1121477  
  984,    0,  114.2955692,   162.2872390,   -1.4862474,    0.4508482  
  985,    0,  198.5616724,    -1.8275903,   -0.1044828,    1.6194743  
  986,    0,  111.3711554,  -164.4848467,    1.4562394,    0.6670067  
  987,    0,  -72.0842155,  -185.1773569,    1.0719339,   -1.0395417  
  988,    0, -193.4023600,   -45.9300529,   -0.4993855,   -1.2056232  
  989,    0, -147.7457121,   133.0855643,   -1.0478125,    0.0096442  
  990,    0,   25.5599337,   197.2638771,   -0.2729321,    0.6824868  
  991,    0,  176.8991667,    91.0937986,    0.2717724,    0.2668152  
  992,    0,  175.5349145,   -93.8253665,   -0.0000000,   -0.0000000  
  993,    0,   22.5518106,  -197.8147953,   -0.0060324,    0.3932223  
  994,    0, -149.9997743,  -131.0044940,    0.7143636,    0.3272026  
  995,    0, -193.0894876,    48.9964449,    0.8756087,   -0.7694738  
  996,    0,  -69.4267851,   186.7765359,   -0.4421404,   -1.4575417  
  997,    0,  114.2662829,   163.3076194,   -1.8324974,   -0.2546111  
  998,    0,  199.3603069,    -1.2232749,   -1.1672894,    1.7942527  
  999,    0,  112.3087155,  -164.7783474,    1.2476675,    2.0388154  
 1000,    0,  -71.7839771,  -186.0929629,    2.5844056,   -0.2545417  
 1001,    0, -193.9614138,   -46.6919070,    0.9694131,   -2.5836804  
 1002,    0, -148.6722677,   133.0962416,   -1.9592302,   -2.1090747  
 1003,    0,   25.0389400,   198.0081982,   -2.8413438,    0.8145326  
 1004,    0,  177.1938366,    91.9344058,   -0.5839572,    2.9357509  
 1005,    0,  176.3725971,   -93.5785550,    2.3318362,    1.8780399  
 1006,    0,   23.2282625,  -198.3395755,    2.7220468,   -1.1668465  
 1007,    0, -150.0287422,  -131.8433461,    0.2576246,   -2.8879616  
 1008,    0, -193.7725616,    48.5374999,   -2.3374510,   -1.5618348  
 1009,    0,  -70.1841680,   187.0548873,   -2.4009580,    1.2363675  
 1010,    0,  114.0508661,   164.0690470,   -0.0946299,    2.5692190  
 1011,    0,  199.8400112,    -0.6131034,    2.0610771,    1.2787391  
 1012,    0,  113.0696924,  -164.8061097,    1.9995142,   -1.0687626  
 1013,    0,  -71.3655339,  -186.7121365,    0.0836787,   -2.0969655  
 1014,    0, -194.2093437,   -47.3824134,   -1.6110900,   -1.0481290  
 1015,    0, -149.3631656,   132.8915211,   -1.5654282,    0.7581010  
 1016,    0,   24.4747615,   198.4361237,   -0.1521390,    1.5446936  
 1017,    0,  177.2036344,    92.6305917,    1.0812631,    0.8279269  
 1018,    0,  176.9294395,   -93.1795102,    1.0960885,   -0.4074275  
 1019,    0,   23.8702342,  -198.5467206,    0.2049701,   -0.9537524  
 1020,    0, -149.8159972,  -132.4731798,   -0.5521776,   -0.5521776  
 1021,    0, -194.1462046,    47.9985714,   -0.5735134,    0.1195765  
 1022,    0,  -70.8313717,   187.0331811,   -0.1450403,    0.3626840  
 1023,    0,  113.6512557,   164.5691818,    0.1099994,    0.1613901  
